0.4470470000000000
0.4524440000000000
0.4488620000000000
0.4499900000000000
0.4485920000000000
0.4505470000000000
0.4383550000000000
0.4388120000000000
0.4365520000000000
0.4571700000000000
0.4656530000000000
0.4431340000000000
0.4519850000000000
0.4379140000000000
0.4418640000000000
0.4439490000000000
0.4909910000000000
0.4829640000000000
0.4549410000000000
0.4653790000000000
0.4433010000000000
0.4407200000000000
0.4430890000000000
0.4395480000000000
0.4367030000000000
0.4550980000000000
0.4522550000000000
0.4376710000000000
0.4373100000000000
0.4368860000000000
