0.1673390000000000
0.1724820000000000
0.1445670000000000
0.1670970000000000
0.1621990000000000
0.1420020000000000
0.1433530000000000
0.1430810000000000
0.1451970000000000
0.1381990000000000
0.1379110000000000
0.1357090000000000
0.1427760000000000
0.1455470000000000
0.1496470000000000
0.1382370000000000
0.1511810000000000
0.1654320000000000
0.1400960000000000
0.1403500000000000
0.1455220000000000
0.1371390000000000
0.1380070000000000
0.1362790000000000
0.1414850000000000
0.1523450000000000
0.1398210000000000
0.1388990000000000
0.1448410000000000
0.1365660000000000
