0.0000000000000000 0.5003326904551771
0.0012500000000000 0.5004433727224453
0.0025000000000000 0.5005543249661895
0.0037500000000000 0.5006650102468990
0.0050000000000000 0.5007759594097106
0.0062500000000000 0.5008866476591615
0.0075000000000000 0.5009975937314494
0.0087500000000000 0.5011082850001380
0.0100000000000000 0.5012192279465387
0.0112500000000000 0.5013299222662412
0.0125000000000000 0.5014408620255646
0.0137500000000000 0.5015515594221094
0.0150000000000000 0.5016624959898534
0.0162500000000000 0.5017731964069381
0.0175000000000000 0.5018841298286389
0.0187500000000000 0.5019948332108178
0.0200000000000000 0.5021057635066450
0.0212500000000000 0.5022164698221773
0.0225000000000000 0.5023273970020757
0.0237500000000000 0.5024381062221828
0.0250000000000000 0.5025490302916873
0.0262500000000000 0.5026597423951064
0.0275000000000000 0.5027706633517530
0.0287500000000000 0.5028813783206652
0.0300000000000000 0.5029922961657253
0.0312500000000000 0.5031030139720433
0.0325000000000000 0.5032139287210973
0.0337500000000000 0.5033246493216464
0.0350000000000000 0.5034355610034602
0.0362500000000000 0.5035462843454125
0.0375000000000000 0.5036571929941260
0.0387500000000000 0.5037679190232499
0.0400000000000000 0.5038788246713289
0.0412500000000000 0.5039895533368436
0.0425000000000000 0.5041004560128745
0.0437500000000000 0.5042111872671995
0.0450000000000000 0.5043220869980315
0.0462500000000000 0.5044328207934645
0.0475000000000000 0.5045437176079940
0.0487500000000000 0.5046544538931073
0.0500000000000000 0.5047653478252172
0.0512500000000000 0.5048760865429645
0.0525000000000000 0.5049869776322592
0.0537500000000000 0.5050977187203498
0.0550000000000000 0.5052086070109452
0.0562500000000000 0.5053193504034666
0.0575000000000000 0.5054302359423485
0.0587500000000000 0.5055409815709913
0.0600000000000000 0.5056518644073988
0.0612500000000000 0.5057626122013246
0.0625000000000000 0.5058734923875117
0.0637500000000000 0.5059842422721597
0.0650000000000000 0.5060951198646955
0.0662500000000000 0.5062058717607562
0.0675000000000000 0.5063167468209416
0.0687500000000000 0.5064275006448919
0.0700000000000000 0.5065383732370978
0.0712500000000000 0.5066491289041078
0.0725000000000000 0.5067599990917097
0.0737500000000000 0.5068707565206934
0.0750000000000000 0.5069816243603821
0.0762500000000000 0.5070923834799067
0.0775000000000000 0.5072032490160526
0.0787500000000000 0.5073140097691954
0.0800000000000000 0.5074248730302396
0.0812500000000000 0.5075356353765378
0.0825000000000000 0.5076464963749651
0.0837500000000000 0.5077572602883711
0.0850000000000000 0.5078681190247608
0.0862500000000000 0.5079788844877746
0.0875000000000000 0.5080897409580888
0.0887500000000000 0.5082005079535317
0.0900000000000000 0.5083113621576694
0.0912500000000000 0.5084221306604026
0.0925000000000000 0.5085329826096038
0.0937500000000000 0.5086437525805120
0.0950000000000000 0.5087546023016142
0.0962500000000000 0.5088653736853370
0.0975000000000000 0.5089762212210269
0.0987500000000000 0.5090869939476153
0.1000000000000000 0.5091978393531710
0.1012500000000000 0.5093086133425861
0.1025000000000000 0.5094194566806043
0.1037500000000000 0.5095302318483247
0.1050000000000000 0.5096410731832284
0.1062500000000000 0.5097518494452821
0.1075000000000000 0.5098626888390186
0.1087500000000000 0.5099734661153950
0.1100000000000000 0.5100843036249668
0.1112500000000000 0.5101950818411629
0.1125000000000000 0.5103059175178972
0.1137500000000000 0.5104166966049591
0.1150000000000000 0.5105275304949745
0.1162500000000000 0.5106383103886700
0.1175000000000000 0.5107491425339018
0.1187500000000000 0.5108599231736097
0.1200000000000000 0.5109707536128997
0.1212500000000000 0.5110815349406024
0.1225000000000000 0.5111923637105801
0.1237500000000000 0.5113031456701236
0.1250000000000000 0.5114139728058066
0.1262500000000000 0.5115247553424314
0.1275000000000000 0.5116355808775855
0.1287500000000000 0.5117463639376576
0.1300000000000000 0.5118571879050043
0.1312500000000000 0.5119679714358528
0.1325000000000000 0.5120787938672088
0.1337500000000000 0.5121895778169980
0.1350000000000000 0.5123003987434067
0.1362500000000000 0.5124111830609972
0.1375000000000000 0.5125220025128772
0.1387500000000000 0.5126327871476678
0.1400000000000000 0.5127436051549765
0.1412500000000000 0.5128543900567427
0.1425000000000000 0.5129652066491264
0.1437500000000000 0.5130759917678899
0.1450000000000000 0.5131868069747827
0.1462500000000000 0.5132975922607511
0.1475000000000000 0.5134084061113843
0.1487500000000000 0.5135191915150029
0.1500000000000000 0.5136300040382852
0.1512500000000000 0.5137407895104267
0.1525000000000000 0.5138516007346781
0.1537500000000000 0.5139623862269900
0.1550000000000000 0.5140731961795144
0.1562500000000000 0.5141839816449193
0.1575000000000000 0.5142947903514383
0.1587500000000000 0.5144055757447572
0.1600000000000000 0.5145163832287445
0.1612500000000000 0.5146271685073862
0.1625000000000000 0.5147379747893742
0.1637500000000000 0.5148487599140078
0.1650000000000000 0.5149595650109637
0.1662500000000000 0.5150703499460669
0.1675000000000000 0.5151811538709448
0.1687500000000000 0.5152919385851248
0.1700000000000000 0.5154027413466969
0.1712500000000000 0.5155135258126889
0.1725000000000000 0.5156243274157261
0.1737500000000000 0.5157351116100277
0.1750000000000000 0.5158459120558487
0.1762500000000000 0.5159566959579946
0.1775000000000000 0.5160674952453489
0.1787500000000000 0.5161782788368986
0.1800000000000000 0.5162890769630756
0.1812500000000000 0.5163998602264395
0.1825000000000000 0.5165106571884668
0.1837500000000000 0.5166214401057285
0.1850000000000000 0.5167322359014896
0.1862500000000000 0.5168430184533837
0.1875000000000000 0.5169538130825106
0.1887500000000000 0.5170645952476898
0.1900000000000000 0.5171753887121174
0.1912500000000000 0.5172861704667888
0.1925000000000000 0.5173969627709267
0.1937500000000000 0.5175077440888676
0.1950000000000000 0.5176185352394066
0.1962500000000000 0.5177293160923176
0.1975000000000000 0.5178401060977453
0.1987500000000000 0.5179508864558392
0.2000000000000000 0.5180616753257736
0.2012500000000000 0.5181724551584861
0.2025000000000000 0.5182832429029525
0.2037500000000000 0.5183940221796512
0.2050000000000000 0.5185048088084082
0.2062500000000000 0.5186155874990084
0.2075000000000000 0.5187263730210068
0.2087500000000000 0.5188371510964269
0.2100000000000000 0.5189479355194409
0.2112500000000000 0.5190587129518806
0.2125000000000000 0.5191694962823199
0.2137500000000000 0.5192802730453614
0.2150000000000000 0.5193910552882439
0.2162500000000000 0.5195018313568153
0.2175000000000000 0.5196126125158590
0.2187500000000000 0.5197233878660958
0.2200000000000000 0.5198341679438896
0.2212500000000000 0.5199449425529437
0.2225000000000000 0.5200557215511510
0.2237500000000000 0.5201664953969813
0.2250000000000000 0.5202772733165476
0.2262500000000000 0.5203880463777216
0.2275000000000000 0.5204988232190605
0.2287500000000000 0.5206095954745847
0.2300000000000000 0.5207203712377292
0.2312500000000000 0.5208311426669191
0.2325000000000000 0.5209419173516284
0.2337500000000000 0.5210526879340265
0.2350000000000000 0.5211634615398453
0.2362500000000000 0.5212742312551858
0.2375000000000000 0.5213850037814541
0.2387500000000000 0.5214957726096782
0.2400000000000000 0.5216065440554933
0.2412500000000000 0.5217173119768101
0.2425000000000000 0.5218280823409418
0.2437500000000000 0.5219388493359345
0.2450000000000000 0.5220496186166991
0.2462500000000000 0.5221603846664704
0.2475000000000000 0.5222711528615678
0.2487500000000000 0.5223819179479140
0.2500000000000000 0.5224926850542448
0.2512500000000000 0.5226034491598446
0.2525000000000000 0.5227142151733191
0.2537500000000000 0.5228249782819201
0.2550000000000000 0.5229357431972783
0.2562500000000000 0.5230465052938634
0.2575000000000000 0.5231572691045291
0.2587500000000000 0.5232680301754367
0.2600000000000000 0.5233787928734241
0.2612500000000000 0.5234895529064085
0.2625000000000000 0.5236003144822995
0.2637500000000000 0.5237110734665132
0.2650000000000000 0.5238218339095158
0.2662500000000000 0.5239325918354069
0.2675000000000000 0.5240433511335018
0.2687500000000000 0.5241541079926260
0.2700000000000000 0.5242648661327937
0.2712500000000000 0.5243756219175509
0.2725000000000000 0.5244863788860664
0.2737500000000000 0.5245971335893804
0.2750000000000000 0.5247078893721535
0.2762500000000000 0.5248186429871186
0.2775000000000000 0.5249293975700526
0.2787500000000000 0.5250401500895783
0.2800000000000000 0.5251509034589145
0.2812500000000000 0.5252616548753993
0.2825000000000000 0.5253724070180201
0.2837500000000000 0.5254831573230778
0.2850000000000000 0.5255939082267443
0.2862500000000000 0.5257046574110076
0.2875000000000000 0.5258154070645135
0.2887500000000000 0.5259261551175236
0.2900000000000000 0.5260369035107594
0.2912500000000000 0.5261476504209485
0.2925000000000000 0.5262583975448766
0.2937500000000000 0.5263691432996314
0.2950000000000000 0.5264798891461853
0.2962500000000000 0.5265906337319805
0.2975000000000000 0.5267013782939043
0.2987500000000000 0.5268121216964843
0.3000000000000000 0.5269228649671347
0.3012500000000000 0.5270336071717218
0.3025000000000000 0.5271443491448542
0.3037500000000000 0.5272550901363615
0.3050000000000000 0.5273658308059226
0.3062500000000000 0.5274765705691520
0.3075000000000000 0.5275873099290944
0.3087500000000000 0.5276980484489049
0.3100000000000000 0.5278087864930364
0.3112500000000000 0.5279195237544767
0.3125000000000000 0.5280302604763465
0.3137500000000000 0.5281409964647471
0.3150000000000000 0.5282517318575752
0.3162500000000000 0.5283624665586000
0.3175000000000000 0.5284732006152425
0.3187500000000000 0.5285839340149073
0.3200000000000000 0.5286946667278510
0.3212500000000000 0.5288053988125172
0.3225000000000000 0.5289161301738978
0.3237500000000000 0.5290268609302450
0.3250000000000000 0.5291375909318796
0.3262500000000000 0.5292483203468695
0.3275000000000000 0.5293590489802945
0.3287500000000000 0.5294697770411319
0.3300000000000000 0.5295805042976429
0.3312500000000000 0.5296912309917374
0.3325000000000000 0.5298019568624230
0.3337500000000000 0.5299126821773598
0.3350000000000000 0.5300234066531273
0.3362500000000000 0.5301341305766440
0.3375000000000000 0.5302448536482375
0.3387500000000000 0.5303555761682133
0.3400000000000000 0.5304662978262182
0.3412500000000000 0.5305770189306717
0.3425000000000000 0.5306877391655136
0.3437500000000000 0.5307984588426098
0.3450000000000000 0.5309091776445419
0.3462500000000000 0.5310198958826067
0.3475000000000000 0.5311306132416928
0.3487500000000000 0.5312413300292324
0.3500000000000000 0.5313520459353258
0.3512500000000000 0.5314627612610483
0.3525000000000000 0.5315734757037697
0.3537500000000000 0.5316841895566060
0.3550000000000000 0.5317949025253234
0.3562500000000000 0.5319056148944451
0.3575000000000000 0.5320163263782599
0.3587500000000000 0.5321270372530891
0.3600000000000000 0.5322377472408287
0.3612500000000000 0.5323484566110411
0.3625000000000000 0.5324591650912621
0.3637500000000000 0.5325698729467783
0.3650000000000000 0.5326805799077803
0.3662500000000000 0.5327912862387452
0.3675000000000000 0.5329019916685981
0.3687500000000000 0.5330126964653474
0.3700000000000000 0.5331234003519302
0.3712500000000000 0.5332341036049476
0.3725000000000000 0.5333448059359969
0.3737500000000000 0.5334555076358585
0.3750000000000000 0.5335662083990285
0.3762500000000000 0.5336769085363416
0.3775000000000000 0.5337876077192665
0.3787500000000000 0.5338983062846056
0.3800000000000000 0.5340090038749641
0.3812500000000000 0.5341197008588049
0.3825000000000000 0.5342303968443859
0.3837500000000000 0.5343410922370447
0.3850000000000000 0.5344517866058027
0.3862500000000000 0.5345624803973842
0.3875000000000000 0.5346731731374873
0.3887500000000000 0.5347838653178411
0.3900000000000000 0.5348945564177079
0.3912500000000000 0.5350052469763984
0.3925000000000000 0.5351159364247210
0.3937500000000000 0.5352266253510132
0.3950000000000000 0.5353373131367628
0.3962500000000000 0.5354480004196208
0.3975000000000000 0.5355586865320441
0.3987500000000000 0.5356693721601424
0.4000000000000000 0.5357800565887434
0.4012500000000000 0.5358907405504892
0.4025000000000000 0.5360014232850017
0.4037500000000000 0.5361121055685665
0.4050000000000000 0.5362227865989198
0.4062500000000000 0.5363334671922753
0.4075000000000000 0.5364441465085568
0.4087500000000000 0.5365548253995126
0.4100000000000000 0.5366655029919296
0.4112500000000000 0.5367761801681712
0.4125000000000000 0.5368868560270139
0.4137500000000000 0.5369975314761367
0.4150000000000000 0.5371082055917461
0.4162500000000000 0.5372188793012869
0.4175000000000000 0.5373295516640257
0.4187500000000000 0.5374402236214871
0.4200000000000000 0.5375508942217176
0.4212500000000000 0.5376615644145893
0.4225000000000000 0.5377722332426536
0.4237500000000000 0.5378829016584296
0.4250000000000000 0.5379935687046341
0.4262500000000000 0.5381042353308262
0.4275000000000000 0.5382149005854295
0.4287500000000000 0.5383255654095805
0.4300000000000000 0.5384362288627789
0.4312500000000000 0.5385468918724762
0.4325000000000000 0.5386575535143888
0.4337500000000000 0.5387682146972810
0.4350000000000000 0.5388788745179321
0.4362500000000000 0.5389895338617480
0.4375000000000000 0.5391001918510462
0.4387500000000000 0.5392108493436180
0.4400000000000000 0.5393215054913302
0.4412500000000000 0.5394321611206199
0.4425000000000000 0.5395428154163433
0.4437500000000000 0.5396534691704731
0.4450000000000000 0.5397641216036043
0.4462500000000000 0.5398747734708874
0.4475000000000000 0.5399854240305907
0.4487500000000000 0.5400960739995618
0.4500000000000000 0.5402067226747397
0.4512500000000000 0.5403173707341831
0.4525000000000000 0.5404280175134502
0.4537500000000000 0.5405386636524223
0.4550000000000000 0.5406493085240874
0.4562500000000000 0.5407599527319302
0.4575000000000000 0.5408705956839867
0.4587500000000000 0.5409812379503326
0.4600000000000000 0.5410918789704589
0.4612500000000000 0.5412025192852219
0.4625000000000000 0.5413131583607979
0.4637500000000000 0.5414237967141529
0.4650000000000000 0.5415344338322857
0.4662500000000000 0.5416450702146342
0.4675000000000000 0.5417557053621992
0.4687500000000000 0.5418663397641232
0.4700000000000000 0.5419769729278159
0.4712500000000000 0.5420876053400207
0.4725000000000000 0.5421982365064174
0.4737500000000000 0.5423088669196666
0.4750000000000000 0.5424194960752928
0.4762500000000000 0.5425301244803381
0.4775000000000000 0.5426407516117395
0.4787500000000000 0.5427513779992496
0.4800000000000000 0.5428620030930623
0.4812500000000000 0.5429726274535530
0.4825000000000000 0.5430832504965712
0.4837500000000000 0.5431938728203424
0.4850000000000000 0.5433044937995766
0.4862500000000000 0.5434151140766567
0.4875000000000000 0.5435257329793846
0.4887500000000000 0.5436363511994871
0.4900000000000000 0.5437469680132894
0.4912500000000000 0.5438575841657829
0.4925000000000000 0.5439681988785674
0.4937500000000000 0.5440788129524582
0.4950000000000000 0.5441894255524692
0.4962500000000000 0.5443000375363977
0.4975000000000000 0.5444106480122137
0.4987500000000000 0.5445212578944637
0.5000000000000000 0.5446318662349829
0.5012500000000000 0.5447424740035000
0.5025000000000001 0.5448530801979153
0.5037500000000000 0.5449636858403372
0.5050000000000000 0.5450742898781041
0.5062500000000000 0.5451848933817933
0.5075000000000001 0.5452954952525935
0.5087500000000000 0.5454060966046765
0.5100000000000000 0.5455166962983785
0.5112500000000000 0.5456272954857856
0.5125000000000000 0.5457378929924044
0.5137500000000000 0.5458484900019085
0.5150000000000000 0.5459590853115670
0.5162500000000000 0.5460696801298214
0.5175000000000000 0.5461802732327140
0.5187500000000000 0.5462908658462876
0.5200000000000000 0.5464014567326467
0.5212500000000000 0.5465120471280550
0.5225000000000000 0.5466226357881205
0.5237500000000000 0.5467332239518551
0.5250000000000000 0.5468438103758461
0.5262500000000000 0.5469543962944023
0.5275000000000000 0.5470649804724904
0.5287500000000001 0.5471755641323913
0.5300000000000000 0.5472861460546774
0.5312500000000000 0.5473967274424987
0.5325000000000000 0.5475073070989862
0.5337500000000001 0.5476178862013815
0.5350000000000000 0.5477284635819522
0.5362500000000000 0.5478390403856780
0.5375000000000000 0.5479496154800650
0.5387500000000001 0.5480601899720084
0.5400000000000000 0.5481707627697685
0.5412500000000000 0.5482813349369747
0.5425000000000000 0.5483919054274603
0.5437500000000001 0.5485024752571602
0.5450000000000000 0.5486130434294907
0.5462500000000000 0.5487236109091296
0.5475000000000000 0.5488341767521641
0.5487500000000000 0.5489447418694281
0.5500000000000000 0.5490553053717395
0.5512500000000000 0.5491658681145779
0.5525000000000000 0.5492764292644341
0.5537500000000000 0.5493869896210768
0.5550000000000000 0.5494975484064235
0.5562500000000000 0.5496081063653938
0.5575000000000000 0.5497186627738473
0.5587500000000000 0.5498292183239653
0.5600000000000001 0.5499397723428132
0.5612500000000000 0.5500503254731890
0.5625000000000000 0.5501608770894010
0.5637500000000000 0.5502714277894206
0.5650000000000001 0.5503819769896674
0.5662500000000000 0.5504925252489670
0.5675000000000000 0.5506030720196523
0.5687500000000000 0.5507136178280819
0.5700000000000001 0.5508241621553811
0.5712500000000000 0.5509347055029612
0.5725000000000000 0.5510452473728708
0.5737500000000000 0.5511557882497395
0.5750000000000001 0.5512663276481307
0.5762500000000000 0.5513768660444871
0.5775000000000000 0.5514874029571659
0.5787500000000000 0.5515979388632085
0.5800000000000000 0.5517084732759769
0.5812500000000000 0.5518190066818427
0.5825000000000000 0.5519295385805596
0.5837500000000000 0.5520400694762633
0.5850000000000000 0.5521505988469024
0.5862500000000000 0.5522611272222807
0.5875000000000000 0.5523716540509850
0.5887500000000000 0.5524821798956455
0.5900000000000000 0.5525927041687719
0.5912500000000001 0.5527032274720539
0.5925000000000000 0.5528137491762100
0.5937500000000000 0.5529242699271496
0.5950000000000000 0.5530347890492208
0.5962500000000001 0.5531453072365313
0.5975000000000000 0.5532558237636978
0.5987500000000000 0.5533663393757564
0.6000000000000000 0.5534768532954986
0.6012500000000001 0.5535873663203464
0.6025000000000000 0.5536978776204408
0.6037500000000000 0.5538083880457914
0.6050000000000000 0.5539188967142969
0.6062500000000001 0.5540294045275544
0.6075000000000000 0.5541399105527903
0.6087500000000000 0.5542504157410739
0.6100000000000000 0.5543609191115925
0.6112500000000000 0.5544714216617669
0.6125000000000000 0.5545819223663195
0.6137500000000000 0.5546924222650299
0.6150000000000000 0.5548029202925308
0.6162500000000000 0.5549134175262406
0.6175000000000000 0.5550239128657281
0.6187500000000000 0.5551344074207583
0.6200000000000000 0.5552449000613549
0.6212500000000000 0.5553553919239226
0.6225000000000001 0.5554658818547960
0.6237500000000000 0.5555763710110533
0.6250000000000000 0.5556868582213795
0.6262500000000000 0.5557973446574499
0.6275000000000001 0.5559078291363762
0.6287500000000000 0.5560183128383883
0.6300000000000000 0.5561287945750009
0.6312500000000000 0.5562392755291217
0.6325000000000001 0.5563497545124131
0.6337500000000000 0.5564602327048773
0.6350000000000000 0.5565707089237203
0.6362500000000000 0.5566811843408549
0.6375000000000001 0.5567916577839764
0.6387500000000000 0.5569021304122264
0.6400000000000000 0.5570126010681844
0.6412500000000000 0.5571230708941325
0.6425000000000000 0.5572335387512974
0.6437500000000000 0.5573440057616826
0.6450000000000000 0.5574544708082200
0.6462500000000000 0.5575649349899516
0.6475000000000000 0.5576753972138097
0.6487500000000000 0.5577858585539789
0.6500000000000000 0.5578963179428782
0.6512500000000000 0.5580067764287659
0.6525000000000000 0.5581172329701933
0.6537500000000001 0.5582276885892745
0.6550000000000000 0.5583381422704811
0.6562500000000000 0.5584485950104237
0.6575000000000000 0.5585590458184263
0.6587500000000001 0.5586694956670885
0.6600000000000000 0.5587799435886763
0.6612500000000000 0.5588903905340962
0.6625000000000000 0.5590008355558423
0.6637500000000001 0.5591112795862246
0.6650000000000000 0.5592217216945011
0.6662500000000000 0.5593321627981995
0.6675000000000000 0.5594426019791977
0.6687500000000001 0.5595530401446921
0.6700000000000000 0.5596634763844464
0.6712500000000000 0.5597739116003168
0.6725000000000000 0.5598843448847332
0.6737500000000000 0.5599947771396291
0.6750000000000000 0.5601052074545164
0.6762500000000000 0.5602156367371247
0.6775000000000000 0.5603260640682277
0.6787500000000000 0.5604364903672390
0.6800000000000000 0.5605469147002720
0.6812500000000000 0.5606573380043453
0.6825000000000000 0.5607677593250272
0.6837500000000000 0.5608781796227561
0.6850000000000001 0.5609885979168441
0.6862500000000000 0.5610990151967225
0.6875000000000000 0.5612094304500447
0.6887500000000000 0.5613198447004361
0.6900000000000001 0.5614302568989199
0.6912500000000000 0.5615406681080303
0.6925000000000000 0.5616510772377282
0.6937500000000000 0.5617614853935817
0.6950000000000001 0.5618718914406926
0.6962500000000000 0.5619822965311135
0.6975000000000000 0.5620926994819981
0.6987500000000000 0.5622031014945966
0.7000000000000001 0.5623135013357884
0.7012500000000000 0.5624239002579525
0.7025000000000000 0.5625342969761635
0.7037500000000000 0.5626446927950562
0.7050000000000000 0.5627550863771765
0.7062500000000000 0.5628654790797377
0.7075000000000000 0.5629758695128303
0.7087500000000000 0.5630862590857854
0.7100000000000000 0.5631966463570758
0.7112500000000000 0.5633070327869466
0.7125000000000000 0.5634174168838092
0.7137500000000000 0.5635278001569306
0.7150000000000000 0.5636381810668705
0.7162500000000001 0.5637485611694084
0.7175000000000000 0.5638589388800411
0.7187500000000000 0.5639693157980155
0.7200000000000000 0.5640796902970429
0.7212500000000001 0.5641900640163516
0.7225000000000000 0.5643004352915371
0.7237500000000000 0.5644108057979804
0.7250000000000000 0.5645211738371234
0.7262500000000001 0.5646315411164315
0.7275000000000000 0.5647419059073395
0.7287500000000000 0.5648522699451980
0.7300000000000000 0.5649626314756616
0.7312500000000001 0.5650729922577379
0.7325000000000000 0.5651833505155032
0.7337500000000000 0.5652937080274721
0.7350000000000000 0.5654040630002161
0.7362500000000000 0.5655144172277855
0.7375000000000000 0.5656247689030898
0.7387500000000000 0.5657351198320245
0.7400000000000000 0.5658454681973532
0.7412500000000000 0.5659558158134962
0.7425000000000000 0.5660661608561733
0.7437500000000000 0.5661765051454687
0.7450000000000000 0.5662868468526582
0.7462500000000000 0.5663971878011682
0.7475000000000001 0.5665075261598550
0.7487500000000000 0.5666178637537788
0.7500000000000000 0.5667281987507528
0.7512500000000000 0.5668385329764406
0.7525000000000001 0.5669488645982826
0.7537500000000000 0.5670591954422483
0.7550000000000000 0.5671695236753196
0.7562500000000000 0.5672798511242488
0.7575000000000001 0.5673901759546834
0.7587500000000000 0.5675004999954396
0.7600000000000000 0.5676108214091403
0.7612500000000000 0.5677211420287673
0.7625000000000001 0.5678314600114041
0.7637500000000000 0.5679417771971246
0.7650000000000000 0.5680520917341387
0.7662500000000000 0.5681624054733475
0.7675000000000001 0.5682727165499601
0.7687500000000000 0.5683830268302144
0.7700000000000000 0.5684933344314368
0.7712500000000000 0.5686036412404424
0.7725000000000000 0.5687139453510932
0.7737500000000000 0.5688242486766852
0.7750000000000000 0.5689345492814112
0.7762500000000000 0.5690448491115314
0.7775000000000000 0.5691551461948307
0.7787500000000001 0.5692654425175019
0.7800000000000000 0.5693757360637521
0.7812500000000000 0.5694860288670482
0.7825000000000000 0.5695963188605370
0.7837500000000001 0.5697066081325518
0.7850000000000000 0.5698168945575076
0.7862500000000000 0.5699271802863219
0.7875000000000000 0.5700374631269495
0.7887500000000001 0.5701477453005953
0.7900000000000000 0.5702580245411093
0.7912500000000000 0.5703683031475373
0.7925000000000000 0.5704785787721945
0.7937500000000001 0.5705888537992407
0.7950000000000000 0.5706991257923728
0.7962500000000000 0.5708093972277267
0.7975000000000000 0.5709196655737699
0.7987500000000001 0.5710299334049471
0.8000000000000000 0.5711401980884684
0.8012500000000000 0.5712504623027850
0.8025000000000000 0.5713607233085047
0.8037500000000000 0.5714709838930563
0.8050000000000000 0.5715812412058662
0.8062500000000000 0.5716914981475133
0.8075000000000000 0.5718017517524890
0.8087500000000000 0.5719120050378459
0.8100000000000001 0.5720222549202558
0.8112500000000000 0.5721325045356837
0.8125000000000000 0.5722427506809911
0.8137500000000000 0.5723529966125985
0.8150000000000001 0.5724632390064603
0.8162500000000000 0.5725734812401070
0.8175000000000000 0.5726837198683663
0.8187500000000000 0.5727939583896715
0.8200000000000001 0.5729041932383466
0.8212500000000000 0.5730144280327029
0.8225000000000000 0.5731246590879721
0.8237500000000000 0.5732348901405607
0.8250000000000001 0.5733451173887446
0.8262500000000000 0.5734553446845556
0.8275000000000000 0.5735655681120956
0.8287500000000000 0.5736757916359495
0.8300000000000001 0.5737860112293846
0.8312500000000000 0.5738962309659554
0.8325000000000000 0.5740064467118992
0.8337500000000000 0.5741166626457381
0.8350000000000000 0.5742268745308539
0.8362500000000000 0.5743370866464137
0.8375000000000000 0.5744472946573899
0.8387500000000000 0.5745575029390495
0.8400000000000000 0.5746677070625751
0.8412500000000001 0.5747779114946630
0.8425000000000000 0.5748881117174044
0.8437500000000000 0.5749983122842208
0.8450000000000000 0.5751085085927997
0.8462500000000001 0.5752187052786384
0.8475000000000000 0.5753288976596111
0.8487500000000000 0.5754390904487779
0.8500000000000000 0.5755492788886170
0.8512500000000001 0.5756594677654479
0.8525000000000000 0.5757696522505238
0.8537500000000000 0.5758798371994011
0.8550000000000000 0.5759900177159689
0.8562500000000001 0.5761001987213338
0.8575000000000000 0.5762103752555191
0.8587500000000000 0.5763205523018837
0.8600000000000000 0.5764307248396731
0.8612500000000001 0.5765408979116298
0.8625000000000000 0.5766510664388609
0.8637500000000000 0.5767612355210892
0.8650000000000000 0.5768714000234457
0.8662500000000000 0.5769815651007170
0.8675000000000000 0.5770917255637243
0.8687500000000000 0.5772018866209041
0.8700000000000000 0.5773120430299279
0.8712500000000000 0.5774222000519758
0.8725000000000001 0.5775323523922229
0.8737500000000000 0.5776425053641900
0.8750000000000000 0.5777526536207125
0.8762500000000000 0.5778628025277358
0.8775000000000001 0.5779729466854364
0.8787500000000000 0.5780830915127319
0.8800000000000000 0.5781932315563725
0.8812500000000000 0.5783033722892243
0.8825000000000001 0.5784135082034366
0.8837500000000000 0.5785236448271853
0.8850000000000000 0.5786337765964835
0.8862500000000000 0.5787439090965104
0.8875000000000001 0.5788540367053053
0.8887500000000000 0.5789641650670158
0.8900000000000000 0.5790742884996306
0.8912500000000000 0.5791844127084343
0.8925000000000001 0.5792945319491203
0.8937500000000000 0.5794046519904081
0.8950000000000000 0.5795147670233591
0.8962500000000000 0.5796248828824759
0.8975000000000000 0.5797349936918390
0.8987500000000000 0.5798451053540494
0.9000000000000000 0.5799552119239259
0.9012500000000000 0.5800653193743678
0.9025000000000000 0.5801754216887963
0.9037500000000001 0.5802855249124087
0.9050000000000000 0.5803956229553128
0.9062500000000000 0.5805057219367166
0.9075000000000000 0.5806158156917807
0.9087500000000001 0.5807259104150636
0.9100000000000000 0.5808359998654754
0.9112500000000000 0.5809460903137929
0.9125000000000000 0.5810561754417192
0.9137500000000001 0.5811662615965291
0.9150000000000000 0.5812763423820791
0.9162500000000000 0.5813864242216649
0.9175000000000000 0.5814965006408482
0.9187500000000001 0.5816065781374433
0.9200000000000000 0.5817166501581705
0.9212500000000000 0.5818267232723530
0.9225000000000000 0.5819367908466081
0.9237500000000001 0.5820468595163527
0.9250000000000000 0.5821569225648914
0.9262500000000000 0.5822669866841738
0.9275000000000000 0.5823770450666075
0.9287500000000000 0.5824871044435838
0.9300000000000000 0.5825971578998936
0.9312500000000000 0.5827072121751327
0.9325000000000000 0.5828172602113186
0.9337500000000000 0.5829273086979143
0.9350000000000001 0.5830373503623851
0.9362500000000000 0.5831473917332703
0.9375000000000000 0.5832574251795243
0.9387500000000000 0.5833674568558856
0.9400000000000001 0.5834774784871223
0.9412500000000000 0.5835874954420480
0.9425000000000000 0.5836974982378180
0.9437500000000000 0.5838074906557689
0.9450000000000001 0.5839174608980695
0.9462500000000000 0.5840274095953223
0.9475000000000000 0.5841373204624154
0.9487500000000000 0.5842471879254950
0.9500000000000001 0.5843569869551823
0.9512500000000000 0.5844666998023278
0.9525000000000000 0.5845762843553474
0.9537500000000000 0.5846856990089037
0.9550000000000001 0.5847948682424897
0.9562500000000000 0.5849037037364201
0.9575000000000000 0.5850120645969908
0.9587500000000000 0.5851197710553279
0.9600000000000000 0.5852265542777998
0.9612500000000000 0.5853320555089493
0.9625000000000000 0.5854357555537499
0.9637500000000000 0.5855369454579207
0.9650000000000000 0.5856346163181358
0.9662500000000001 0.5857273744815510
0.9675000000000000 0.5858132541549435
0.9687500000000000 0.5858895249873266
0.9700000000000000 0.5859523554380890
0.9712500000000001 0.5859964135784540
0.9725000000000000 0.5860142458221846
0.9737500000000000 0.5859954879126140
0.9750000000000000 0.5859257154818299
0.9762500000000001 0.5857849485977071
0.9775000000000000 0.5855455772863548
0.9787500000000000 0.5851696914356309
0.9800000000000000 0.5846055877835966
0.9812500000000001 0.5837835276841600
0.9825000000000000 0.5826107823771774
0.9837500000000000 0.5809666125356637
0.9850000000000000 0.5786982776544632
0.9862500000000001 0.5756204088346534
0.9875000000000000 0.5715210609756670
0.9887500000000000 0.5661788340329488
0.9900000000000000 0.5593945510241894
0.9912500000000001 0.5510375352821931
0.9925000000000000 0.5410989922904614
0.9937500000000000 0.5297364712775989
0.9950000000000000 0.5172885738752683
0.9962500000000000 0.5042451980079331
0.9975000000000001 0.4911751658348838
0.9987500000000000 0.4786326249296027
1.0000000000000000 0.4670726344816791
1.0012500000000000 0.4568002144316599
1.0024999999999999 0.4479601226578335
1.0037499999999999 0.4405591615981005
1.0050000000000001 0.4345050543329969
1.0062500000000001 0.4296474921151625
1.0075000000000001 0.4258121558316269
1.0087500000000000 0.4228246333719024
1.0100000000000000 0.4205245684772574
1.0112500000000000 0.4187724670940959
1.0125000000000000 0.4174514555504826
1.0137499999999999 0.4164662622774496
1.0150000000000001 0.4157406933587346
1.0162500000000001 0.4152147236875920
1.0175000000000001 0.4148415297618930
1.0187500000000000 0.4145849129555729
1.0200000000000000 0.4144170171607440
1.0212500000000000 0.4143165372871597
1.0225000000000000 0.4142671969979210
1.0237499999999999 0.4142566275531685
1.0249999999999999 0.4142754128054176
1.0262500000000001 0.4143164279377180
1.0275000000000001 0.4143742545047645
1.0287500000000001 0.4144448072013139
1.0300000000000000 0.4145249760680348
1.0312500000000000 0.4146124255327169
1.0325000000000000 0.4147053720330163
1.0337499999999999 0.4148024834008178
1.0349999999999999 0.4149027361649738
1.0362500000000001 0.4150053723320981
1.0375000000000001 0.4151098034390433
1.0387500000000001 0.4152155996382546
1.0400000000000000 0.4153224213140392
1.0412500000000000 0.4154300260025627
1.0425000000000000 0.4155382164598729
1.0437500000000000 0.4156468571504810
1.0449999999999999 0.4157558323338120
1.0462500000000001 0.4158650674420679
1.0475000000000001 0.4159744934438591
1.0487500000000001 0.4160840704930643
1.0500000000000000 0.4161937563727126
1.0512500000000000 0.4163035309754506
1.0525000000000000 0.4164133675168100
1.0537500000000000 0.4165232570788365
1.0549999999999999 0.4166331817921792
1.0562499999999999 0.4167431390533150
1.0575000000000001 0.4168531161714344
1.0587500000000001 0.4169631140805933
1.0600000000000001 0.4170731231226598
1.0612500000000000 0.4171831461899019
1.0625000000000000 0.4172931754219225
1.0637500000000000 0.4174032147726625
1.0649999999999999 0.4175132574670345
1.0662499999999999 0.4176233080128397
1.0675000000000001 0.4177333603083483
1.0687500000000001 0.4178434191281332
1.0700000000000001 0.4179534788052550
1.0712500000000000 0.4180635442188375
1.0725000000000000 0.4181736099986417
1.0737500000000000 0.4182836810364436
1.0750000000000000 0.4183937521790889
1.0762499999999999 0.4185038282785541
1.0775000000000001 0.4186139043532559
1.0787500000000001 0.4187239851850537
1.0800000000000001 0.4188340659382190
1.0812500000000000 0.4189441513067568
1.0825000000000000 0.4190542365863433
1.0837500000000000 0.4191643263728272
1.0850000000000000 0.4192744160849218
1.0862499999999999 0.4193845102147773
1.0875000000000001 0.4194946042986504
1.0887500000000001 0.4196047027228834
1.0900000000000001 0.4197148011366532
1.0912500000000001 0.4198249038211807
1.0925000000000000 0.4199350065335792
1.0937500000000000 0.4200451134531091
1.0950000000000000 0.4201552204387665
1.0962499999999999 0.4202653315732690
1.0974999999999999 0.4203754428100323
1.0987500000000001 0.4204855581426809
1.1000000000000001 0.4205956736101137
1.1012500000000001 0.4207057931260602
1.1025000000000000 0.4208159128046297
1.1037500000000000 0.4209260364902475
1.1050000000000000 0.4210361603609103
1.1062500000000000 0.4211462882033074
1.1074999999999999 0.4212564162473265
1.1087500000000001 0.4213665482340101
1.1100000000000001 0.4214766804329009
1.1112500000000001 0.4215868165515369
1.1125000000000000 0.4216969528870820
1.1137500000000000 0.4218070931253139
1.1150000000000000 0.4219172335796101
1.1162500000000000 0.4220273779249211
1.1174999999999999 0.4221375224804341
1.1187500000000001 0.4222476709200451
1.1200000000000001 0.4223578195596595
1.1212500000000001 0.4224679720804564
1.1225000000000001 0.4225781247875124
1.1237500000000000 0.4226882813760019
1.1250000000000000 0.4227984381343151
1.1262500000000000 0.4229085987766039
1.1274999999999999 0.4230187595704666
1.1287499999999999 0.4231289242522637
1.1300000000000001 0.4232390890664287
1.1312500000000001 0.4233492577730655
1.1325000000000001 0.4234594265927163
1.1337500000000000 0.4235695993091811
1.1350000000000000 0.4236797721198887
1.1362500000000000 0.4237899488308732
1.1375000000000000 0.4239001256185452
1.1387499999999999 0.4240103063084966
1.1400000000000001 0.4241204870593223
1.1412500000000001 0.4242306717124992
1.1425000000000001 0.4243408564128932
1.1437500000000000 0.4244510450134201
1.1450000000000000 0.4245612336499680
1.1462500000000000 0.4246714261818874
1.1475000000000000 0.4247816187412968
1.1487499999999999 0.4248918151886150
1.1500000000000001 0.4250020116576720
1.1512500000000001 0.4251122120043977
1.1525000000000001 0.4252224123699328
1.1537500000000001 0.4253326166001071
1.1550000000000000 0.4254428208489686
1.1562500000000000 0.4255530289466869
1.1575000000000000 0.4256632370657236
1.1587499999999999 0.4257734490151480
1.1599999999999999 0.4258836609911996
1.1612500000000001 0.4259938767765649
1.1625000000000001 0.4261040925964599
1.1637500000000001 0.4262143122020722
1.1650000000000000 0.4263245318526315
1.1662500000000000 0.4264347552628615
1.1675000000000000 0.4265449787309070
1.1687500000000000 0.4266552059301794
1.1699999999999999 0.4267654332025456
1.1712500000000001 0.4268756641753264
1.1725000000000001 0.4269858952388740
1.1737500000000001 0.4270961299696558
1.1750000000000000 0.4272063648112855
1.1762500000000000 0.4273166032845737
1.1775000000000000 0.4274268418912398
1.1787500000000000 0.4275370840915395
1.1799999999999999 0.4276473264502617
1.1812500000000001 0.4277575723620665
1.1825000000000001 0.4278678184599392
1.1837500000000001 0.4279780680677233
1.1850000000000001 0.4280883178919224
1.1862500000000000 0.4281985711801344
1.1875000000000000 0.4283088247179211
1.1887500000000000 0.4284190816709821
1.1899999999999999 0.4285293389097036
1.1912499999999999 0.4286395995120069
1.1925000000000001 0.4287498604390943
1.1937500000000001 0.4288601246750096
1.1950000000000001 0.4289703892779725
1.1962500000000000 0.4290806571318515
1.1975000000000000 0.4291909253982705
1.1987500000000000 0.4293011968544559
1.2000000000000000 0.4294114687719725
1.2012499999999999 0.4295217438148085
1.2025000000000001 0.4296320193711134
1.2037500000000001 0.4297422979849574
1.2050000000000001 0.4298525771677777
1.2062500000000000 0.4299628593370144
1.2075000000000000 0.4300731421340992
1.2087500000000000 0.4301834278431539
1.2100000000000000 0.4302937142422600
1.2112499999999999 0.4304040034756139
1.2125000000000001 0.4305142934644900
1.2137500000000001 0.4306245862066952
1.2150000000000001 0.4307348797730665
1.2162500000000001 0.4308451760087619
1.2175000000000000 0.4309554731403142
1.2187500000000000 0.4310657728542400
1.2200000000000000 0.4311760735386048
1.2212499999999999 0.4312863767156180
1.2224999999999999 0.4313966809403564
1.2237500000000001 0.4315069875654467
1.2250000000000001 0.4316172953180337
1.2262500000000001 0.4317276053763377
1.2275000000000000 0.4318379166441478
1.2287500000000000 0.4319482301209644
1.2300000000000000 0.4320585448912556
1.2312500000000000 0.4321688617720610
1.2324999999999999 0.4322791800319593
1.2337500000000001 0.4323895003024229
1.2350000000000001 0.4324998220389065
1.2362500000000001 0.4326101456849064
1.2375000000000000 0.4327204708847892
1.2387500000000000 0.4328307978924283
1.2400000000000000 0.4329411265423433
1.2412500000000000 0.4330514568979670
1.2424999999999999 0.4331617889843477
1.2437500000000001 0.4332721226745621
1.2450000000000001 0.4333824581836233
1.2462500000000001 0.4334927951953151
1.2475000000000001 0.4336031341130323
1.2487500000000000 0.4337134744333899
1.2500000000000000 0.4338238167454767
1.2512500000000000 0.4339341603620140
1.2524999999999999 0.4340445060538967
1.2537499999999999 0.4341548529544793
1.2550000000000001 0.4342652020112690
1.2562500000000001 0.4343755521841431
1.2575000000000001 0.4344859045906053
1.2587500000000000 0.4345962580244298
1.2600000000000000 0.4347066137649499
1.2612500000000000 0.4348169704488331
1.2625000000000000 0.4349273295073769
1.2637499999999999 0.4350376894309173
1.2650000000000001 0.4351480517909879
1.2662500000000001 0.4352584149443203
1.2675000000000001 0.4353687805889086
1.2687500000000000 0.4354791469627566
1.2700000000000000 0.4355895158742855
1.2712500000000000 0.4356998854600199
1.2725000000000000 0.4358102576202815
1.2737499999999999 0.4359206304099872
1.2750000000000001 0.4360310058000713
1.2762500000000001 0.4361413817866234
1.2775000000000001 0.4362517603868370
1.2787500000000001 0.4363621395639858
1.2800000000000000 0.4364725213537612
1.2812500000000000 0.4365829037162303
1.2825000000000000 0.4366932886740218
1.2837499999999999 0.4368036742176167
1.2849999999999999 0.4369140623207834
1.2862500000000001 0.4370244510425170
1.2875000000000001 0.4371348422671903
1.2887500000000001 0.4372452341654229
1.2900000000000000 0.4373556284863566
1.2912500000000000 0.4374660235609553
1.2925000000000000 0.4375764209513561
1.2937500000000000 0.4376868192038749
1.2949999999999999 0.4377972196352112
1.2962500000000001 0.4379076210690924
1.2975000000000001 0.4380180245108801
1.2987500000000001 0.4381284291316827
1.3000000000000000 0.4382388355512430
1.3012500000000000 0.4383492433668981
1.3025000000000000 0.4384596527290872
1.3037500000000000 0.4385700637501838
1.3049999999999999 0.4386804760170893
1.3062500000000001 0.4387908902571955
1.3075000000000001 0.4389013053877985
1.3087500000000001 0.4390117228638170
1.3100000000000001 0.4391221408136159
1.3112500000000000 0.4392325615461802
1.3125000000000000 0.4393429822667741
1.3137500000000000 0.4394534062806870
1.3149999999999999 0.4395638297193143
1.3162499999999999 0.4396742570440313
1.3175000000000001 0.4397846831430626
1.3187500000000001 0.4398951138132235
1.3200000000000001 0.4400055425096051
1.3212500000000000 0.4401159765656151
1.3225000000000000 0.4402264077902610
1.3237500000000000 0.4403368452789256
1.3250000000000000 0.4404472789560567
1.3262499999999999 0.4405577199312693
1.3275000000000001 0.4406681559776967
1.3287500000000001 0.4407786005011825
1.3300000000000001 0.4408890388255363
1.3312500000000000 0.4409994869676516
1.3325000000000000 0.4411099274695527
1.3337500000000000 0.4412203793101411
1.3350000000000000 0.4413308218793178
1.3362499999999999 0.4414412775086204
1.3375000000000001 0.4415517220239697
1.3387500000000001 0.4416621815435905
1.3400000000000001 0.4417726278721875
1.3412500000000001 0.4418830913961088
1.3425000000000000 0.4419935393921664
1.3437500000000000 0.4421040070478118
1.3450000000000000 0.4422144565515957
1.3462499999999999 0.4423249284809360
1.3474999999999999 0.4424353793176391
1.3487500000000001 0.4425458556783348
1.3500000000000001 0.4426563076569195
1.3512500000000001 0.4427667886234918
1.3525000000000000 0.4428772415355066
1.3537500000000000 0.4429877273005300
1.3550000000000000 0.4430981809189102
1.3562500000000000 0.4432086716942156
1.3574999999999999 0.4433191257720793
1.3587500000000001 0.4434296217899551
1.3600000000000001 0.4435400760594071
1.3612500000000001 0.4436505775737871
1.3625000000000000 0.4437610317447427
1.3637500000000000 0.4438715390323653
1.3650000000000000 0.4439819927914116
1.3662500000000000 0.4440925061529344
1.3674999999999999 0.4442029591622435
1.3687500000000001 0.4443134789232967
1.3700000000000001 0.4444239308196105
1.3712500000000001 0.4445344573317688
1.3725000000000001 0.4446449077254740
1.3737500000000000 0.4447554413671296
1.3750000000000000 0.4448658898414424
1.3762500000000000 0.4449764310185559
1.3774999999999999 0.4450868771288398
1.3787499999999999 0.4451974262755485
1.3800000000000001 0.4453078695487859
1.3812500000000001 0.4454184271278461
1.3825000000000001 0.4455288670622864
1.3837500000000000 0.4456394335653280
1.3850000000000000 0.4457498696303365
1.3862500000000000 0.4458604455779053
1.3875000000000000 0.4459708772140350
1.3887499999999999 0.4460814631553998
1.3900000000000001 0.4461918897747102
1.3912500000000001 0.4463024862874123
1.3925000000000001 0.4464129072740569
1.3937500000000000 0.4465235149631809
1.3950000000000000 0.4466339296742831
1.3962500000000000 0.4467445491714267
1.3975000000000000 0.4468549569382680
1.3987499999999999 0.4469655889001924
1.4000000000000001 0.4470759890297282
1.4012500000000001 0.4471866341366716
1.4025000000000001 0.4472970259133911
1.4037500000000001 0.4474076848670312
1.4050000000000000 0.4475180675551753
1.4062500000000000 0.4476287410762277
1.4075000000000000 0.4477391139223754
1.4087499999999999 0.4478498027478212
1.4099999999999999 0.4479601649838498
1.4112500000000001 0.4480708698637857
1.4125000000000001 0.4481812207102097
1.4137500000000001 0.4482919424043205
1.4150000000000000 0.4484022810740063
1.4162500000000000 0.4485130203476634
1.4175000000000000 0.4486233460499150
1.4187500000000000 0.4487341036699102
1.4199999999999999 0.4488444156149130
1.4212500000000001 0.4489551923448391
1.4225000000000001 0.4490654897484481
1.4237500000000001 0.4491762863437483
1.4250000000000000 0.4492865684325966
1.4262500000000000 0.4493973856353035
1.4275000000000000 0.4495076516522062
1.4287500000000000 0.4496184901854036
1.4299999999999999 0.4497287393950224
1.4312500000000001 0.4498395999570628
1.4325000000000001 0.4499498316517953
1.4337500000000001 0.4500607149103145
1.4350000000000001 0.4501709284163632
1.4362500000000000 0.4502818350021398
1.4375000000000000 0.4503920296857123
1.4387500000000000 0.4505029601864206
1.4399999999999999 0.4506131354600084
1.4412499999999999 0.4507240904139215
1.4425000000000001 0.4508342457425997
1.4437500000000001 0.4509452256323028
1.4450000000000001 0.4510553605399877
1.4462500000000000 0.4511663657861648
1.4475000000000000 0.4512764798617668
1.4487500000000000 0.4513875108171258
1.4500000000000000 0.4514976037205280
1.4512499999999999 0.4516086606639336
1.4525000000000001 0.4517187321317292
1.4537500000000001 0.4518298152626136
1.4550000000000001 0.4519398651135308
1.4562500000000000 0.4520509745466502
1.4575000000000000 0.4521610026865956
1.4587500000000000 0.4522721384472033
1.4600000000000000 0.4523821448738544
1.4612499999999999 0.4524933068933588
1.4625000000000001 0.4526032917002401
1.4637500000000001 0.4527144798124109
1.4650000000000001 0.4528244431923888
1.4662500000000001 0.4529356571301751
1.4675000000000000 0.4530455993783125
1.4687500000000000 0.4531568387713286
1.4700000000000000 0.4532667602870450
1.4712499999999999 0.4533780246597763
1.4724999999999999 0.4534879259482641
1.4737500000000001 0.4535992147190382
1.4750000000000001 0.4537090963918953
1.4762500000000001 0.4538204088726547
1.4775000000000000 0.4539302716476979
1.4787500000000000 0.4540416070446049
1.4800000000000000 0.4541514517448406
1.4812500000000000 0.4542628091597363
1.4824999999999999 0.4543726367114700
1.4837500000000001 0.4544840151441961
1.4850000000000001 0.4545938265742774
1.4862500000000001 0.4547052249258635
1.4875000000000000 0.4548150213580682
1.4887500000000000 0.4549264384347769
1.4900000000000000 0.4550362210853394
1.4912500000000000 0.4551476556035491
1.4924999999999999 0.4552574257758715
1.4937500000000001 0.4553688763677670
1.4950000000000001 0.4554786354463372
1.4962500000000001 0.4555901006663710
1.4975000000000001 0.4556998501099346
1.4987500000000000 0.4558113284420074
1.5000000000000000 0.4559210697760490
1.5012500000000000 0.4560325596413524
1.5024999999999999 0.4561422944499448
1.5037500000000001 0.4562537942153992
1.5050000000000001 0.4563635241324968
1.5062500000000001 0.4564750321197082
1.5075000000000001 0.4565847588199605
1.5087500000000000 0.4566962733146153
1.5100000000000000 0.4568059985037845
1.5112500000000000 0.4569175177653959
1.5125000000000000 0.4570272431704699
1.5137499999999999 0.4571387654423809
1.5150000000000001 0.4572484928014778
1.5162500000000001 0.4573600163210260
1.5175000000000001 0.4574697473731842
1.5187500000000000 0.4575812703819300
1.5200000000000000 0.4576910068568854
1.5212500000000000 0.4578025276108058
1.5225000000000000 0.4579122712188530
1.5237499999999999 0.4580237879983989
1.5250000000000001 0.4581335404204375
1.5262500000000001 0.4582450515403610
1.5275000000000001 0.4583548144182190
1.5287500000000001 0.4584663182370753
1.5300000000000000 0.4585760931642042
1.5312500000000000 0.4586875880934378
1.5325000000000000 0.4587973766060645
1.5337499999999999 0.4589088611185976
1.5350000000000001 0.4590186646874165
1.5362500000000001 0.4591301373256594
1.5375000000000001 0.4592399573481354
1.5387500000000001 0.4593514167313520
1.5400000000000000 0.4594612545247023
1.5412500000000000 0.4595726993556668
1.5425000000000000 0.4596825561505782
1.5437500000000000 0.4597939852214720
1.5449999999999999 0.4599038621566008
1.5462500000000001 0.4600152743541060
1.5475000000000001 0.4601251724713978
1.5487500000000001 0.4602365667809566
1.5500000000000000 0.4603464870218147
1.5512500000000000 0.4604578625310294
1.5525000000000000 0.4605678057333479
1.5537500000000000 0.4606791616345119
1.5549999999999999 0.4607891285305806
1.5562500000000001 0.4609004641223388
1.5575000000000001 0.4610104553376160
1.5587500000000001 0.4611217700257618
1.5600000000000001 0.4612317860785022
1.5612500000000000 0.4613430793759301
1.5625000000000000 0.4614531206776445
1.5637500000000000 0.4615643922034858
1.5649999999999999 0.4616744590602010
1.5662500000000001 0.4617857085381775
1.5675000000000001 0.4618958011524573
1.5687500000000001 0.4620070284084980
1.5700000000000001 0.4621171468821763
1.5712500000000000 0.4622283518413466
1.5725000000000000 0.4623384961789215
1.5737500000000000 0.4624496788617210
1.5750000000000000 0.4625598489743492
1.5762499999999999 0.4626710094924401
1.5775000000000001 0.4627812052024691
1.5787500000000001 0.4628923437539005
1.5800000000000001 0.4630025647998701
1.5812500000000000 0.4631136816638666
1.5825000000000000 0.4632239277059127
1.5837500000000000 0.4633350232372969
1.5850000000000000 0.4634452938628846
1.5862499999999999 0.4635563684862049
1.5875000000000001 0.4636666632161210
1.5887500000000001 0.4637777174195559
1.5900000000000001 0.4638880357140909
1.5912500000000001 0.4639990700431987
1.5925000000000000 0.4641094113084472
1.5937500000000000 0.4642204263598307
1.5950000000000000 0.4643307899540457
1.5962499999999999 0.4644417863689953
1.5975000000000001 0.4645521716089309
1.5987500000000001 0.4646631500671095
1.6000000000000001 0.4647735562342948
1.6012500000000001 0.4648845174475202
1.6025000000000000 0.4649949437944060
1.6037500000000000 0.4651058885005864
1.6050000000000000 0.4652163342565150
1.6062500000000000 0.4653272632137849
1.6074999999999999 0.4654377275907386
1.6087500000000001 0.4655486415718361
1.6100000000000001 0.4656591237699230
1.6112500000000001 0.4657700235568487
1.6125000000000000 0.4658805227694918
1.6137500000000000 0.4659914091484790
1.6150000000000000 0.4661019245672794
1.6162500000000000 0.4662127983241025
1.6174999999999999 0.4663233291433543
1.6187500000000001 0.4664341910589949
1.6200000000000001 0.4665447364798340
1.6212500000000001 0.4666555873265196
1.6225000000000001 0.4667661465606945
1.6237500000000000 0.4668769870983202
1.6250000000000000 0.4669875593715770
1.6262500000000000 0.4670983903445130
1.6274999999999999 0.4672089748995942
1.6287500000000001 0.4673197970338806
1.6300000000000001 0.4674303931331387
1.6312500000000001 0.4675412071340614
1.6325000000000001 0.4676518140616945
1.6337500000000000 0.4677626206117348
1.6350000000000000 0.4678732376756544
1.6362500000000000 0.4679840374328006
1.6375000000000000 0.4680946639661451
1.6387499999999999 0.4682054575625488
1.6400000000000001 0.4683160929248602
1.6412500000000001 0.4684268809658225
1.6425000000000001 0.4685375245439028
1.6437500000000000 0.4686483076071689
1.6450000000000000 0.4687589588156389
1.6462500000000000 0.4688697374509806
1.6475000000000000 0.4689803957325623
1.6487499999999999 0.4690911704616249
1.6500000000000001 0.4692018352871705
1.6512500000000001 0.4693126066035605
1.6525000000000001 0.4694232774718528
1.6537500000000001 0.4695340458414444
1.6550000000000000 0.4696447222787914
1.6562500000000000 0.4697554881402236
1.6575000000000000 0.4698661696998726
1.6587499999999999 0.4699769334652183
1.6600000000000001 0.4700876197266114
1.6612500000000001 0.4701983817821905
1.6625000000000001 0.4703090723500871
1.6637500000000001 0.4704198330574030
1.6650000000000000 0.4705305275608897
1.6662500000000000 0.4706412872576676
1.6675000000000000 0.4707519853490764
1.6687500000000000 0.4708627443503827
1.6699999999999999 0.4709734457041388
1.6712500000000001 0.4710842043035617
1.6725000000000001 0.4711949086149787
1.6737500000000001 0.4713056670858526
1.6750000000000000 0.4714163740698920
1.6762500000000000 0.4715271326665493
1.6775000000000000 0.4716378420565610
1.6787500000000000 0.4717486010155960
1.6799999999999999 0.4718593125620532
1.6812500000000001 0.4719700721035847
1.6825000000000001 0.4720807855728263
1.6837500000000001 0.4721915459017474
1.6850000000000001 0.4723022610747385
1.6862500000000000 0.4724130223819425
1.6875000000000000 0.4725237390530639
1.6887500000000000 0.4726345015166377
1.6899999999999999 0.4727452194925110
1.6912500000000001 0.4728559832788887
1.6925000000000001 0.4729667023772459
1.6937500000000001 0.4730774676423149
1.6950000000000001 0.4731881876909170
1.6962500000000000 0.4732989545810730
1.6975000000000000 0.4734096754166826
1.6987500000000000 0.4735204440698281
1.7000000000000000 0.4736311655372398
1.7012499999999999 0.4737419360837243
1.7025000000000001 0.4738526580348546
1.7037500000000001 0.4739634305983536
1.7050000000000001 0.4740741528913923
1.7062500000000000 0.4741849275897245
1.7075000000000000 0.4742956500883498
1.7087500000000000 0.4744064270342305
1.7100000000000000 0.4745171496068856
1.7112499999999999 0.4746279289086190
1.7125000000000001 0.4747386514278514
1.7137500000000001 0.4748494331899598
1.7150000000000001 0.4749601555318225
1.7162500000000001 0.4750709398556150
1.7175000000000000 0.4751816618991273
1.7187500000000000 0.4752924488832097
1.7200000000000000 0.4754031705098761
1.7212499999999999 0.4755139602506022
1.7225000000000001 0.4756246813439896
1.7237500000000001 0.4757354739358581
1.7250000000000001 0.4758461943812248
1.7262500000000001 0.4759569899172224
1.7275000000000000 0.4760677096012009
1.7287500000000000 0.4761785081730950
1.7300000000000000 0.4762892269834235
1.7312500000000000 0.4764000286820068
1.7324999999999999 0.4765107465073085
1.7337500000000001 0.4766215514225959
1.7350000000000001 0.4767322681522024
1.7362500000000001 0.4768430763735878
1.7375000000000000 0.4769537918974040
1.7387500000000000 0.4770646035137741
1.7400000000000000 0.4771753177221835
1.7412500000000000 0.4772861328219934
1.7424999999999999 0.4773968456058004
1.7437500000000001 0.4775076642771144
1.7450000000000001 0.4776183755275202
1.7462500000000001 0.4777291978580184
1.7475000000000001 0.4778399074666306
1.7487500000000000 0.4779507335435845
1.7500000000000000 0.4780614414024558
1.7512500000000000 0.4781722713126750
1.7524999999999999 0.4782829773143700
1.7537500000000001 0.4783938111441223
1.7550000000000001 0.4785045151818098
1.7562500000000001 0.4786153530167162
1.7575000000000001 0.4787260549842863
1.7587500000000000 0.4788368969091932
1.7600000000000000 0.4789475967013944
1.7612500000000000 0.4790584428002259
1.7625000000000000 0.4791691403128238
1.7637499999999999 0.4792799906684135
1.7650000000000001 0.4793906857983667
1.7662500000000001 0.4795015404922737
1.7675000000000001 0.4796122331379256
1.7687500000000000 0.4797230922502343
1.7700000000000000 0.4798337823115213
1.7712500000000000 0.4799446459206269
1.7725000000000000 0.4800553332992978
1.7737499999999999 0.4801662014816807
1.7750000000000001 0.4802768860815287
1.7762500000000001 0.4803877589115172
1.7775000000000001 0.4804984406386210
1.7787500000000001 0.4806093181881456
1.7800000000000000 0.4807199969511196
1.7812500000000000 0.4808308792894591
1.7825000000000000 0.4809415549997102
1.7837499999999999 0.4810524421932324
1.7850000000000001 0.4811631147652213
1.7862500000000001 0.4812740068771184
1.7875000000000001 0.4813846762286265
1.7887500000000001 0.4814955733186472
1.7900000000000000 0.4816062393710451
1.7912500000000000 0.4817171414952257
1.7925000000000000 0.4818278041737418
1.7937500000000000 0.4819387113841366
1.7949999999999999 0.4820493706181274
1.7962500000000001 0.4821602829625394
1.7975000000000001 0.4822709386857568
1.7987500000000001 0.4823818562074715
1.8000000000000000 0.4824925083583270
1.8012500000000000 0.4826034310958506
1.8025000000000000 0.4827140796176752
1.8037500000000000 0.4828250076044764
1.8049999999999999 0.4829356524457750
1.8062500000000001 0.4830465857100350
1.8075000000000001 0.4831572268247329
1.8087500000000001 0.4832681653891016
1.8100000000000001 0.4833788027367839
1.8112500000000000 0.4834897466181461
1.8125000000000000 0.4836003801642855
1.8137500000000000 0.4837113293735380
1.8149999999999999 0.4838219590897130
1.8162500000000001 0.4839329136315518
1.8175000000000001 0.4840435394956524
1.8187500000000001 0.4841544993683739
1.8200000000000001 0.4842651213647937
1.8212500000000000 0.4843760865601095
1.8225000000000000 0.4844867046799234
1.8237500000000000 0.4845976751827898
1.8250000000000000 0.4847082894239163
1.8262499999999999 0.4848192652123805
1.8275000000000001 0.4849298755797272
1.8287500000000001 0.4850408566247899
1.8300000000000001 0.4851514631303816
1.8312500000000000 0.4852624493958780
1.8325000000000000 0.4853730520589664
1.8337500000000000 0.4854840435014661
1.8350000000000000 0.4855946423486199
1.8362499999999999 0.4857056389173467
1.8375000000000001 0.4858162339825217
1.8387500000000001 0.4859272356192930
1.8400000000000001 0.4860378269438824
1.8412500000000001 0.4861488335830696
1.8425000000000000 0.4862594212159322
1.8437500000000000 0.4863704327844436
1.8450000000000000 0.4864810167819101
1.8462499999999999 0.4865920331991953
1.8475000000000001 0.4867026136250527
1.8487500000000001 0.4868136348031288
1.8500000000000001 0.4869242117285830
1.8512500000000001 0.4870352375720834
1.8525000000000000 0.4871458110756988
1.8537500000000000 0.4872568414819453
1.8550000000000000 0.4873674116495608
1.8562500000000000 0.4874784465086583
1.8574999999999999 0.4875890134332817
1.8587500000000001 0.4877000526282349
1.8600000000000001 0.4878106164099146
1.8612500000000001 0.4879216598167680
1.8625000000000000 0.4880322205624414
1.8637500000000000 0.4881432680504418
1.8650000000000000 0.4882538258737619
1.8662500000000000 0.4883648773055416
1.8674999999999999 0.4884754323266829
1.8687500000000001 0.4885864875584654
1.8700000000000001 0.4886970399039078
1.8712500000000001 0.4888080987857339
1.8725000000000001 0.4889186485880256
1.8737500000000000 0.4890297109639998
1.8750000000000000 0.4891402583615018
1.8762500000000000 0.4892513240700579
1.8774999999999999 0.4893618692066682
1.8787500000000001 0.4894729380808541
1.8800000000000001 0.4895834811057141
1.8812500000000001 0.4896945529734935
1.8825000000000001 0.4898050940406778
1.8837500000000000 0.4899161687252490
1.8850000000000000 0.4900267079934387
1.8862500000000000 0.4901377853135680
1.8875000000000000 0.4902483229457094
1.8887499999999999 0.4903594027160803
1.8900000000000001 0.4904699388790296
1.8912500000000001 0.4905810209106033
1.8925000000000001 0.4906915557747589
1.8937500000000000 0.4908026398751483
1.8950000000000000 0.4909131736140724
1.8962500000000000 0.4910242595879254
1.8975000000000000 0.4911347923779554
1.8987499999999999 0.4912458800273470
1.9000000000000001 0.4913564120471989
1.9012500000000001 0.4914675011720319
1.9025000000000001 0.4915780326023973
1.9037500000000001 0.4916891230008081
1.9050000000000000 0.4917996540239447
1.9062500000000000 0.4919107454927139
1.9075000000000000 0.4920212762920334
1.9087499999999999 0.4921323686270003
1.9100000000000001 0.4922428993866535
1.9112500000000001 0.4923539923831305
1.9125000000000001 0.4924645232875915
1.9137500000000001 0.4925756167407806
1.9150000000000000 0.4926861479744312
1.9162500000000000 0.4927972416798374
1.9175000000000000 0.4929077734265550
1.9187500000000000 0.4930188671803971
1.9199999999999999 0.4931293996231456
1.9212500000000001 0.4932404932227636
1.9225000000000001 0.4933510265431885
1.9237500000000001 0.4934621197874437
1.9250000000000000 0.4935726541654758
1.9262500000000000 0.4936837468551446
1.9275000000000000 0.4937942824686096
1.9287500000000000 0.4939053744067684
1.9299999999999999 0.4940159114310066
1.9312500000000001 0.4941270024234075
1.9325000000000001 0.4942375410309048
1.9337500000000001 0.4943486308863379
1.9350000000000001 0.4944591712463673
1.9362500000000000 0.4945702597770140
1.9375000000000000 0.4946808020552901
1.9387500000000000 0.4947918890770608
1.9399999999999999 0.4949024334354087
1.9412500000000001 0.4950135187682662
1.9425000000000001 0.4951240653643056
1.9437500000000001 0.4952351488325739
1.9450000000000001 0.4953456978194183
1.9462500000000000 0.4954567792520744
1.9475000000000000 0.4955673307780474
1.9487500000000000 0.4956784100089963
1.9500000000000000 0.4957889642173652
1.9512500000000002 0.4959000410856977
1.9525000000000001 0.4960105981144252
1.9537500000000001 0.4961216724646562
1.9550000000000001 0.4962322324461708
1.9562500000000000 0.4963433041284593
1.9575000000000000 0.4964538671894452
1.9587500000000000 0.4965649360597951
1.9600000000000000 0.4966755023210008
1.9612499999999999 0.4967865682414415
1.9625000000000001 0.4968971378175095
1.9637500000000001 0.4970082006562568
1.9650000000000001 0.4971187736555722
1.9662500000000001 0.4972298332871690
1.9675000000000000 0.4973404098117288
1.9687500000000000 0.4974514661171656
1.9700000000000000 0.4975620462624682
1.9712499999999999 0.4976730991292836
1.9725000000000001 0.4977836829842384
1.9737500000000001 0.4978947323065994
1.9750000000000001 0.4980053199534565
1.9762500000000001 0.4981163656322182
1.9775000000000000 0.4982269571465180
1.9787500000000000 0.4983379990892646
1.9800000000000000 0.4984485945398065
1.9812500000000000 0.4985596326608728
1.9825000000000002 0.4986702321097034
1.9837500000000001 0.4987812663301767
1.9850000000000001 0.4988918698325970
1.9862500000000001 0.4990029000803011
1.9875000000000000 0.4991135076848908
1.9887500000000000 0.4992245338943512
1.9900000000000000 0.4993351456429991
1.9912500000000000 0.4994461677552298
1.9924999999999999 0.4995567836811510
1.9937500000000001 0.4996678016176167
1.9950000000000001 0.4997784214171805
1.9962500000000001 0.4998894309033362
1.9975000000000001 0.5000000011301302
1.9987500000000000 0.5001103215084625
2.0000000000000000 0.5002122340184805
