0.0000000000000000 0.5003326222849056
0.0012500000000000 0.5004434401371523
0.0025000000000000 0.5005542582547737
0.0037500000000000 0.5006650761741579
0.0050000000000000 0.5007758942547679
0.0062500000000000 0.5008867120515001
0.0075000000000000 0.5009975300737991
0.0087500000000000 0.5011083478897083
0.0100000000000000 0.5012191658272444
0.0112500000000000 0.5013299835861479
0.0125000000000000 0.5014408014880927
0.0137500000000000 0.5015516191578747
0.0150000000000000 0.5016624370049990
0.0162500000000000 0.5017732545984379
0.0175000000000000 0.5018840723692044
0.0187500000000000 0.5019948898751224
0.0200000000000000 0.5021057075668173
0.0212500000000000 0.5022165249696834
0.0225000000000000 0.5023273425702360
0.0237500000000000 0.5024381598687703
0.0250000000000000 0.5025489773579882
0.0262500000000000 0.5026597945513034
0.0275000000000000 0.5027706119148828
0.0287500000000000 0.5028814289928532
0.0300000000000000 0.5029922462244886
0.0312500000000000 0.5031030631658889
0.0325000000000000 0.5032138802721663
0.0337500000000000 0.5033246970363788
0.0350000000000000 0.5034355140503831
0.0362500000000000 0.5035463305634276
0.0375000000000000 0.5036571475617549
0.0387500000000000 0.5037679636977805
0.0400000000000000 0.5038787808220759
0.0412500000000000 0.5039895963776280
0.0425000000000000 0.5041004138620115
0.0437500000000000 0.5042112285267407
0.0450000000000000 0.5043220467243916
0.0462500000000000 0.5044328600591652
0.0475000000000000 0.5045436794554504
0.0487500000000000 0.5046544908917707
0.0500000000000000 0.5047653120891220
0.0512500000000000 0.5048761209640567
0.0525000000000000 0.5049869446251802
0.0537500000000000 0.5050977502620841
0.0550000000000000 0.5052085770056154
0.0562500000000000 0.5053193788401289
0.0575000000000000 0.5054302090971287
0.0587500000000000 0.5055410068313604
0.0600000000000000 0.5056518406891480
0.0612500000000000 0.5057626344385971
0.0625000000000000 0.5058734715153326
0.0637500000000000 0.5059842618995789
0.0650000000000000 0.5060951013006386
0.0662500000000000 0.5062058894295468
0.0675000000000000 0.5063167298253026
0.0687500000000000 0.5064275171559542
0.0700000000000000 0.5065383569852435
0.0712500000000000 0.5066491450697873
0.0725000000000000 0.5067599828231121
0.0737500000000000 0.5068707730169236
0.0750000000000000 0.5069816075126120
0.0762500000000000 0.5070924007375550
0.0775000000000000 0.5072032312993998
0.0787500000000000 0.5073140279385844
0.0800000000000000 0.5074248544236724
0.0812500000000000 0.5075356543674145
0.0825000000000000 0.5076464770576971
0.0837500000000000 0.5077572798572431
0.0850000000000000 0.5078680992805112
0.0862500000000000 0.5079789043322684
0.0875000000000000 0.5080897210899020
0.0887500000000000 0.5082005277829855
0.0900000000000000 0.5083113424342620
0.0912500000000000 0.5084221502325145
0.0925000000000000 0.5085329632436995
0.0937500000000000 0.5086437717110137
0.0950000000000000 0.5087545834489065
0.0962500000000000 0.5088653922435852
0.0975000000000000 0.5089762029877534
0.0987500000000000 0.5090870118477230
0.1000000000000000 0.5091978218055737
0.1012500000000000 0.5093086305340270
0.1025000000000000 0.5094194398544605
0.1037500000000000 0.5095302483064489
0.1050000000000000 0.5096410570935446
0.1062500000000000 0.5097518651616010
0.1075000000000000 0.5098626734897644
0.1087500000000000 0.5099734810880497
0.1100000000000000 0.5100842890182266
0.1112500000000000 0.5101950960662532
0.1125000000000000 0.5103059036618769
0.1137500000000000 0.5104167100691249
0.1150000000000000 0.5105275174107156
0.1162500000000000 0.5106383230628987
0.1175000000000000 0.5107491302608401
0.1187500000000000 0.5108599350081394
0.1200000000000000 0.5109707422133377
0.1212500000000000 0.5110815458610187
0.1225000000000000 0.5111923532727689
0.1237500000000000 0.5113031555751851
0.1250000000000000 0.5114139634448998
0.1262500000000000 0.5115247641045243
0.1275000000000000 0.5116355727334366
0.1287500000000000 0.5117463714069631
0.1300000000000000 0.5118571811357577
0.1312500000000000 0.5119679774491709
0.1325000000000000 0.5120787886379363
0.1337500000000000 0.5121895822116614
0.1350000000000000 0.5123003952097518
0.1362500000000000 0.5124111856934683
0.1375000000000000 0.5125220008006210
0.1387500000000000 0.5126327879153409
0.1400000000000000 0.5127436053375608
0.1412500000000000 0.5128543889203822
0.1425000000000000 0.5129652087261701
0.1437500000000000 0.5130759887712920
0.1450000000000000 0.5131868108552400
0.1462500000000000 0.5132975875439089
0.1475000000000000 0.5134084116049399
0.1487500000000000 0.5135191853174821
0.1500000000000000 0.5136300108577760
0.1512500000000000 0.5137407821628724
0.1525000000000000 0.5138516085107430
0.1537500000000000 0.5139623781305470
0.1550000000000000 0.5140732044866357
0.1562500000000000 0.5141839732404858
0.1575000000000000 0.5142947987424153
0.1587500000000000 0.5144055674759642
0.1600000000000000 0.5145163912729367
0.1612500000000000 0.5146271607825220
0.1625000000000000 0.5147379821092180
0.1637500000000000 0.5148487530723901
0.1650000000000000 0.5149595713114964
0.1662500000000000 0.5150703442336139
0.1675000000000000 0.5151811589583690
0.1687500000000000 0.5152919341421331
0.1700000000000000 0.5154027451340486
0.1712500000000000 0.5155135226745994
0.1725000000000000 0.5156243299160361
0.1737500000000000 0.5157351097197010
0.1750000000000000 0.5158459133652300
0.1762500000000000 0.5159566951862777
0.1775000000000000 0.5160674955198145
0.1787500000000000 0.5161782790073223
0.1800000000000000 0.5162890763933663
0.1812500000000000 0.5163998611398837
0.1825000000000000 0.5165106559767476
0.1837500000000000 0.5166214415616482
0.1850000000000000 0.5167322342427391
0.1862500000000000 0.5168430202654405
0.1875000000000000 0.5169538111520607
0.1887500000000000 0.5170645972530064
0.1900000000000000 0.5171753866595111
0.1912500000000000 0.5172861725292124
0.1925000000000000 0.5173969607192247
0.1937500000000000 0.5175077460974662
0.1950000000000000 0.5176185332885003
0.1962500000000000 0.5177293179566851
0.1975000000000000 0.5178401043300355
0.1987500000000000 0.5179508880998200
0.2000000000000000 0.5180616738127065
0.2012500000000000 0.5181724565136908
0.2025000000000000 0.5182832417112070
0.2037500000000000 0.5183940231797779
0.2050000000000000 0.5185048080049056
0.2062500000000000 0.5186155880756416
0.2075000000000000 0.5187263726762196
0.2087500000000000 0.5188371511766868
0.2100000000000000 0.5189479357087550
0.2112500000000000 0.5190587124580683
0.2125000000000000 0.5191694970853878
0.2137500000000000 0.5192802718965892
0.2150000000000000 0.5193910567864131
0.2162500000000000 0.5195018294724695
0.2175000000000000 0.5196126147878760
0.2187500000000000 0.5197233851708741
0.2200000000000000 0.5198341710602253
0.2212500000000000 0.5199449389830473
0.2225000000000000 0.5200557255674184
0.2237500000000000 0.5201664909069325
0.2250000000000000 0.5202772782666111
0.2262500000000000 0.5203880409471318
0.2275000000000000 0.5204988291085638
0.2287500000000000 0.5206095891141304
0.2300000000000000 0.5207203780388097
0.2312500000000000 0.5208311354227387
0.2325000000000000 0.5209419249995619
0.2337500000000000 0.5210526798898677
0.2350000000000000 0.5211634699322365
0.2362500000000000 0.5212742225317610
0.2375000000000000 0.5213850127803771
0.2387500000000000 0.5214957633609957
0.2400000000000000 0.5216065534926624
0.2412500000000000 0.5217173023835562
0.2425000000000000 0.5218280920256574
0.2437500000000000 0.5219388395963426
0.2450000000000000 0.5220496283459651
0.2462500000000000 0.5221603749854302
0.2475000000000000 0.5222711624314978
0.2487500000000000 0.5223819085253185
0.2500000000000000 0.5224926942716914
0.2512500000000000 0.5226034401792641
0.2525000000000000 0.5227142238666248
0.2537500000000000 0.5228249699006811
0.2550000000000000 0.5229357512251540
0.2562500000000000 0.5230464976354140
0.2575000000000000 0.5231572763623027
0.2587500000000000 0.5232680233246085
0.2600000000000000 0.5233787992962288
0.2612500000000000 0.5234895469078126
0.2625000000000000 0.5236003200451409
0.2637500000000000 0.5237110683259506
0.2650000000000000 0.5238218386245121
0.2662500000000000 0.5239325875238552
0.2675000000000000 0.5240433550448655
0.2687500000000000 0.5241541044521157
0.2700000000000000 0.5242648693103121
0.2712500000000000 0.5243756190681386
0.2725000000000000 0.5244863814178873
0.2737500000000000 0.5245971313364151
0.2750000000000000 0.5247078913576561
0.2762500000000000 0.5248186412280903
0.2775000000000000 0.5249293991134100
0.2787500000000000 0.5250401487200269
0.2800000000000000 0.5251509046637918
0.2812500000000000 0.5252616537935552
0.2825000000000000 0.5253724079836142
0.2837500000000000 0.5254831564331247
0.2850000000000000 0.5255939090451838
0.2862500000000000 0.5257046566250445
0.2875000000000000 0.5258154078194666
0.2887500000000000 0.5259261543564361
0.2900000000000000 0.5260369042769902
0.2912500000000000 0.5261476496144810
0.2925000000000000 0.5262583983884469
0.2937500000000000 0.5263691423859764
0.2950000000000000 0.5264798901249804
0.2962500000000000 0.5265906326571864
0.2975000000000000 0.5267013794582177
0.2987500000000000 0.5268121204139216
0.3000000000000000 0.5269228663600984
0.3012500000000000 0.5270336056417759
0.3025000000000000 0.5271443508025933
0.3037500000000000 0.5272550883264421
0.3050000000000000 0.5273658327573787
0.3062500000000000 0.5274765684540265
0.3075000000000000 0.5275873121955561
0.3087500000000000 0.5276980460112943
0.3100000000000000 0.5278087890874530
0.3112500000000000 0.5279195209858076
0.3125000000000000 0.5280302634025587
0.3137500000000000 0.5281409933659099
0.3150000000000000 0.5282517351096193
0.3162500000000000 0.5283624631405650
0.3175000000000000 0.5284732041768730
0.3187500000000000 0.5285839302990391
0.3200000000000000 0.5286946705724297
0.3212500000000000 0.5288053948304715
0.3225000000000000 0.5289161342647500
0.3237500000000000 0.5290268567233577
0.3250000000000000 0.5291375952231835
0.3262500000000000 0.5292483159649944
0.3275000000000000 0.5293590534185113
0.3287500000000000 0.5294697725409609
0.3300000000000000 0.5295805088234432
0.3312500000000000 0.5296912264346598
0.3325000000000000 0.5298019614130081
0.3337500000000000 0.5299126776269836
0.3350000000000000 0.5300234111648181
0.3362500000000000 0.5301341260961400
0.3375000000000000 0.5302448580591508
0.3387500000000000 0.5303555718176518
0.3400000000000000 0.5304663020788621
0.3412500000000000 0.5305770147645312
0.3425000000000000 0.5306877432091244
0.3437500000000000 0.5307984549076212
0.3450000000000000 0.5309091814370117
0.3462500000000000 0.5310198922160652
0.3475000000000000 0.5311306167509849
0.3487500000000000 0.5312413266578655
0.3500000000000000 0.5313520491403017
0.3512500000000000 0.5314627582004864
0.3525000000000000 0.5315734785944197
0.3537500000000000 0.5316841868114346
0.3550000000000000 0.5317949051024354
0.3562500000000000 0.5319056124587934
0.3575000000000000 0.5320163286525956
0.3587500000000000 0.5321270351116549
0.3600000000000000 0.5322377492319250
0.3612500000000000 0.5323484547404405
0.3625000000000000 0.5324591668259666
0.3637500000000000 0.5325698713170895
0.3650000000000000 0.5326805814186580
0.3662500000000000 0.5327912848151308
0.3675000000000000 0.5329019929923177
0.3687500000000000 0.5330126952096397
0.3700000000000000 0.5331234015277283
0.3712500000000000 0.5332341024771237
0.3725000000000000 0.5333448070042884
0.3737500000000000 0.5334555065953447
0.3750000000000000 0.5335662094001993
0.3762500000000000 0.5336769075431204
0.3775000000000000 0.5337876086926701
0.3787500000000000 0.5338983053001279
0.3800000000000000 0.5340090048581014
0.3812500000000000 0.5341196998467271
0.3825000000000000 0.5342303978722472
0.3837500000000000 0.5343410911638174
0.3850000000000000 0.5344517877103375
0.3862500000000000 0.5345624792327350
0.3875000000000000 0.5346731743471584
0.3887500000000000 0.5347838640351885
0.3900000000000000 0.5348945577571055
0.3912500000000000 0.5350052455532154
0.3925000000000000 0.5351159379142095
0.3937500000000000 0.5352266237691717
0.3950000000000000 0.5353373147921484
0.3962500000000000 0.5354479986657029
0.3975000000000000 0.5355586883642758
0.3987500000000000 0.5356693702257225
0.4000000000000000 0.5357800586036550
0.4012500000000000 0.5358907384323620
0.4025000000000000 0.5360014254831216
0.4037500000000000 0.5361121032688853
0.4050000000000000 0.5362227889753859
0.4062500000000000 0.5363334647185807
0.4075000000000000 0.5364441490531547
0.4087500000000000 0.5365548227646145
0.4100000000000000 0.5366655056892955
0.4112500000000000 0.5367761773898626
0.4125000000000000 0.5368868588570092
0.4137500000000000 0.5369975285767267
0.4150000000000000 0.5371082085300195
0.4162500000000000 0.5372188763069512
0.4175000000000000 0.5373295546827481
0.4187500000000000 0.5374402205614526
0.4200000000000000 0.5375508972904750
0.4212500000000000 0.5376615613201738
0.4225000000000000 0.5377722363294631
0.4237500000000000 0.5378828985619841
0.4250000000000000 0.5379935717770398
0.4262500000000000 0.5381042322646206
0.4275000000000000 0.5382149036116202
0.4287500000000000 0.5383255624046879
0.4300000000000000 0.5384362318126841
0.4312500000000000 0.5385468889577136
0.4325000000000000 0.5386575563606948
0.4337500000000000 0.5387682118982529
0.4350000000000000 0.5388788772369664
0.4362500000000000 0.5389895312000366
0.4375000000000000 0.5391001944235005
0.4387500000000000 0.5392108468361529
0.4400000000000000 0.5393215079027910
0.4412500000000000 0.5394321587792509
0.4425000000000000 0.5395428176576158
0.4437500000000000 0.5396534670017462
0.4450000000000000 0.5397641236708313
0.4462500000000000 0.5398747714760211
0.4475000000000000 0.5399854259251827
0.4487500000000000 0.5400960721746093
0.4500000000000000 0.5402067244031286
0.4512500000000000 0.5403173690703472
0.4525000000000000 0.5404280190867063
0.4537500000000000 0.5405386621364997
0.4550000000000000 0.5406493099574279
0.4562500000000000 0.5407599513468433
0.4575000000000000 0.5408705969962055
0.4587500000000000 0.5409812366757228
0.4600000000000000 0.5410918801833191
0.4612500000000000 0.5412025180980707
0.4625000000000000 0.5413131594984042
0.4637500000000000 0.5414237955894080
0.4650000000000000 0.5415344349204618
0.4662500000000000 0.5416450691258249
0.4675000000000000 0.5417557064278851
0.4687500000000000 0.5418663386839540
0.4700000000000000 0.5419769739984887
0.4712500000000000 0.5420876042409353
0.4725000000000000 0.5421982376095416
0.4737500000000000 0.5423088657743863
0.4750000000000000 0.5424194972377934
0.4762500000000000 0.5425301232623796
0.4775000000000000 0.5426407528594990
0.4787500000000000 0.5427513766834190
0.4800000000000000 0.5428620044504321
0.4812500000000000 0.5429726260164286
0.4825000000000000 0.5430832519858978
0.4837500000000000 0.5431938712407435
0.4850000000000000 0.5433044954407413
0.4862500000000000 0.5434151123360970
0.4875000000000000 0.5435257347893587
0.4887500000000000 0.5436363492826085
0.4900000000000000 0.5437469700057145
0.4912500000000000 0.5438575820607574
0.4925000000000000 0.5439682010633713
0.4937500000000000 0.5440788106513502
0.4950000000000000 0.5441894279355355
0.4962500000000000 0.5443000350354642
0.4975000000000000 0.5444106505951164
0.4987500000000000 0.5445212551943737
0.5000000000000000 0.5446318690148136
0.5012500000000000 0.5447424711094557
0.5025000000000001 0.5448530831672150
0.5037500000000000 0.5449636827620843
0.5050000000000000 0.5450742930249165
0.5062500000000000 0.5451848901335010
0.5075000000000001 0.5452954985606534
0.5087500000000000 0.5454060932046805
0.5100000000000000 0.5455166997474328
0.5112500000000000 0.5456272919561965
0.5125000000000000 0.5457378965586721
0.5137500000000000 0.5458484863680864
0.5150000000000000 0.5459590889683275
0.5162500000000000 0.5460696764197286
0.5175000000000000 0.5461802769510030
0.5187500000000000 0.5462908620897432
0.5200000000000000 0.5464014604820487
0.5212500000000000 0.5465120433559050
0.5225000000000000 0.5466226395376202
0.5237500000000000 0.5467332201951038
0.5250000000000000 0.5468438140947146
0.5262500000000000 0.5469543925833187
0.5275000000000000 0.5470649841311650
0.5287500000000001 0.5471755604956441
0.5300000000000000 0.5472861496256113
0.5312500000000000 0.5473967239063348
0.5325000000000000 0.5475073105574316
0.5337500000000001 0.5476178827888848
0.5350000000000000 0.5477284669066501
0.5362500000000000 0.5478390371161382
0.5375000000000000 0.5479496186538183
0.5387500000000001 0.5480601868604089
0.5400000000000000 0.5481707657798859
0.5412500000000000 0.5482813319936218
0.5425000000000000 0.5483919082660547
0.5437500000000001 0.5485024724874566
0.5450000000000000 0.5486130460936354
0.5462500000000000 0.5487236083134918
0.5475000000000000 0.5488341792439037
0.5487500000000000 0.5489447394433427
0.5500000000000000 0.5490553076979698
0.5512500000000000 0.5491658658487879
0.5525000000000000 0.5492764314366576
0.5537500000000000 0.5493869875018801
0.5550000000000000 0.5494975504403998
0.5562500000000000 0.5496081043750414
0.5575000000000000 0.5497186646891539
0.5587500000000000 0.5498292164411409
0.5600000000000001 0.5499397741623316
0.5612500000000000 0.5500503236735512
0.5625000000000000 0.5501608788387511
0.5637500000000000 0.5502714260461922
0.5650000000000001 0.5503819786966004
0.5662500000000000 0.5504925235335583
0.5675000000000000 0.5506030737134134
0.5687500000000000 0.5507136161107372
0.5700000000000001 0.5508241638660620
0.5712500000000000 0.5509347037534094
0.5725000000000000 0.5510452491307501
0.5737500000000000 0.5511557864378547
0.5750000000000001 0.5512663294830202
0.5762500000000000 0.5513768641409389
0.5775000000000000 0.5514874048977626
0.5787500000000000 0.5515979368401053
0.5800000000000000 0.5517084753492311
0.5812500000000000 0.5518190045133464
0.5825000000000000 0.5519295408110665
0.5837500000000000 0.5520400671391870
0.5850000000000000 0.5521506012563265
0.5862500000000000 0.5522611246966443
0.5875000000000000 0.5523716566575245
0.5887500000000000 0.5524821771651802
0.5900000000000000 0.5525927069866818
0.5912500000000001 0.5527032245246509
0.5925000000000000 0.5528137522153900
0.5937500000000000 0.5529242667552297
0.5950000000000000 0.5530347923148857
0.5962500000000001 0.5531453038373279
0.5975000000000000 0.5532558272561457
0.5987500000000000 0.5533663357514952
0.6000000000000000 0.5534768570099853
0.6012500000000001 0.5535873624783095
0.6025000000000000 0.5536978815471786
0.6037500000000000 0.5538083839982555
0.6050000000000000 0.5539189008385829
0.6062500000000001 0.5540294002915939
0.6075000000000000 0.5541399148552685
0.6087500000000000 0.5542504113382314
0.6100000000000000 0.5543609235686507
0.6112500000000000 0.5544714171175921
0.6125000000000000 0.5545819269506173
0.6137500000000000 0.5546924176084915
0.6150000000000000 0.5548029249736378
0.6162500000000000 0.5549134127890329
0.6175000000000000 0.5550239176108713
0.6187500000000000 0.5551344026365166
0.6200000000000000 0.5552449048362397
0.6212500000000000 0.5553553871273679
0.6225000000000001 0.5554658866244817
0.6237500000000000 0.5555763662371062
0.6250000000000000 0.5556868629511741
0.6262500000000000 0.5557973399403313
0.6275000000000001 0.5559078337927307
0.6287500000000000 0.5560183082107432
0.6300000000000000 0.5561287991263610
0.6312500000000000 0.5562392710211966
0.6325000000000001 0.5563497589300084
0.6337500000000000 0.5564602283437762
0.6350000000000000 0.5565707131822543
0.6362500000000000 0.5566811801499018
0.6375000000000001 0.5567916618622120
0.6387500000000000 0.5569021264104435
0.6400000000000000 0.5570126049493916
0.6412500000000000 0.5571230670958638
0.6425000000000000 0.5572335424235622
0.6437500000000000 0.5573440021763568
0.6450000000000000 0.5574544742646069
0.6462500000000000 0.5575649316219904
0.6475000000000000 0.5576754004523833
0.6487500000000000 0.5577858554028494
0.6500000000000000 0.5578963209665813
0.6512500000000000 0.5580067734891649
0.6525000000000000 0.5581172357866040
0.6537500000000001 0.5582276858514283
0.6550000000000000 0.5583381448914552
0.6562500000000000 0.5584485924604932
0.6575000000000000 0.5585590482596543
0.6587500000000001 0.5586694932876523
0.6600000000000000 0.5587799458691634
0.6612500000000000 0.5588903883046996
0.6625000000000000 0.5590008376973360
0.6637500000000001 0.5591112774839687
0.6650000000000000 0.5592217237208900
0.6662500000000000 0.5593321607983548
0.6675000000000000 0.5594426039158892
0.6687500000000001 0.5595530382213184
0.6700000000000000 0.5596634782577508
0.6712500000000000 0.5597739097268760
0.6725000000000000 0.5598843467212585
0.6737500000000000 0.5599947752895826
0.6750000000000000 0.5601052092805873
0.6762500000000000 0.5602156348844928
0.6775000000000000 0.5603260659093412
0.6787500000000000 0.5604364884871288
0.6800000000000000 0.5605469165805892
0.6812500000000000 0.5606573360734369
0.6825000000000000 0.5607677612669126
0.6837500000000000 0.5608781776197393
0.6850000000000001 0.5609885999404535
0.6862500000000000 0.5610990131026812
0.6875000000000000 0.5612094325729662
0.6887500000000000 0.5613198424991838
0.6900000000000001 0.5614302591358687
0.6912500000000000 0.5615406657863818
0.6925000000000000 0.5616510796003010
0.6937500000000000 0.5617614829415740
0.6950000000000001 0.5618718939371808
0.6962500000000000 0.5619822939421566
0.6975000000000000 0.5620927021172680
0.6987500000000000 0.5622030987655627
0.7000000000000001 0.5623135041112226
0.7012500000000000 0.5624238973892018
0.7025000000000000 0.5625342998896740
0.7037500000000000 0.5626446897903856
0.7050000000000000 0.5627550894232877
0.7062500000000000 0.5628654759462657
0.7075000000000000 0.5629758726828292
0.7087500000000000 0.5630862558337668
0.7100000000000000 0.5631966496392354
0.7112500000000000 0.5633070294295144
0.7125000000000000 0.5634174202636738
0.7137500000000000 0.5635277967097799
0.7150000000000000 0.5636381845276066
0.7162500000000001 0.5637485576504183
0.7175000000000000 0.5638589424028371
0.7187500000000000 0.5639693122268236
0.7200000000000000 0.5640796938615583
0.7212500000000001 0.5641900604138881
0.7225000000000000 0.5643004388763841
0.7237500000000000 0.5644108021859743
0.7250000000000000 0.5645211774203684
0.7262500000000001 0.5646315375169041
0.7275000000000000 0.5647419094670111
0.7287500000000000 0.5648522663799527
0.7300000000000000 0.5649626349902573
0.7312500000000001 0.5650729887478676
0.7325000000000000 0.5651833539644691
0.7337500000000000 0.5652937045928923
0.7350000000000000 0.5654040663643931
0.7362500000000000 0.5655144138868100
0.7375000000000000 0.5656247721651151
0.7387500000000000 0.5657351166009950
0.7400000000000000 0.5658454713419951
0.7412500000000000 0.5659558127064777
0.7425000000000000 0.5660661638706069
0.7437500000000000 0.5661765021740117
0.7450000000000000 0.5662868497266602
0.7462500000000000 0.5663971849741516
0.7475000000000001 0.5665075288859255
0.7487500000000000 0.5666178610773251
0.7500000000000000 0.5667282013241587
0.7512500000000000 0.5668385304539152
0.7525000000000001 0.5669488670170258
0.7537500000000000 0.5670591930743206
0.7550000000000000 0.5671695259400368
0.7562500000000000 0.5672798489090287
0.7575000000000001 0.5673901780684830
0.7587500000000000 0.5675004979286670
0.7600000000000000 0.5676108233773854
0.7612500000000000 0.5677211401040499
0.7625000000000001 0.5678314618414565
0.7637500000000000 0.5679417754062160
0.7650000000000000 0.5680520934350626
0.7662500000000000 0.5681624038064529
0.7675000000000001 0.5682727181322106
0.7687500000000000 0.5683830252763082
0.7700000000000000 0.5684933359065347
0.7712500000000000 0.5686036397875961
0.7725000000000000 0.5687139467313012
0.7737500000000000 0.5688242473123897
0.7750000000000000 0.5689345505794136
0.7762500000000000 0.5690448478230078
0.7775000000000000 0.5691551474234335
0.7787500000000001 0.5692654412919940
0.7800000000000000 0.5693757372356015
0.7812500000000000 0.5694860276920846
0.7825000000000000 0.5695963199878725
0.7837500000000001 0.5697066069961856
0.7850000000000000 0.5698168956519393
0.7862500000000000 0.5699271791773312
0.7875000000000000 0.5700374641992731
0.7887500000000001 0.5701477442086520
0.7900000000000000 0.5702580256011558
0.7912500000000000 0.5703683020633415
0.7925000000000000 0.5704785798287122
0.7937500000000001 0.5705888527146196
0.7950000000000000 0.5706991268529459
0.7962500000000000 0.5708093961357043
0.7975000000000000 0.5709196666447643
0.7987500000000001 0.5710299322997772
0.8000000000000000 0.5711401991750148
0.8012500000000000 0.5712504611799568
0.8025000000000000 0.5713607244145045
0.8037500000000000 0.5714709827492765
0.8050000000000000 0.5715812423340239
0.8062500000000000 0.5716914969806604
0.8075000000000000 0.5718017529043693
0.8087500000000000 0.5719120038469021
0.8100000000000001 0.5720222560963569
0.8112500000000000 0.5721325033206535
0.8125000000000000 0.5722427518808394
0.8137500000000000 0.5723529953744093
0.8150000000000001 0.5724632402287140
0.8162500000000000 0.5725734799804941
0.8175000000000000 0.5726837211109337
0.8187500000000000 0.5727939571110600
0.8200000000000001 0.5729041944985109
0.8212500000000000 0.5730144267380792
0.8225000000000000 0.5731246603625184
0.8237500000000000 0.5732348888333419
0.8250000000000001 0.5733451186740910
0.8262500000000000 0.5734553433684595
0.8275000000000000 0.5735655694044245
0.8287500000000000 0.5736757903148665
0.8300000000000001 0.5737860125247680
0.8312500000000000 0.5738962296438225
0.8325000000000000 0.5740064480064182
0.8337500000000000 0.5741166613264254
0.8350000000000000 0.5742268758207124
0.8362500000000000 0.5743370853336159
0.8375000000000000 0.5744472959390123
0.8387500000000000 0.5745575016361902
0.8400000000000000 0.5746677083326975
0.8412500000000001 0.5747779102048139
0.8425000000000000 0.5748881129731506
0.8437500000000000 0.5749983110100332
0.8450000000000000 0.5751085098317420
0.8462500000000001 0.5752187040222851
0.8475000000000000 0.5753288988798181
0.8487500000000000 0.5754390892119167
0.8500000000000000 0.5755492800886866
0.8512500000000001 0.5756594665491921
0.8525000000000000 0.5757696534296043
0.8537500000000000 0.5758798360043098
0.8550000000000000 0.5759900188737598
0.8562500000000001 0.5761001975474150
0.8575000000000000 0.5762103763922668
0.8587500000000000 0.5763205511486073
0.8600000000000000 0.5764307259561474
0.8612500000000001 0.5765408967779542
0.8625000000000000 0.5766510675363278
0.8637500000000000 0.5767612344054953
0.8650000000000000 0.5768714011036272
0.8662500000000000 0.5769815640012511
0.8675000000000000 0.5770917266287524
0.8687500000000000 0.5772018855352280
0.8700000000000000 0.5773120440822929
0.8712500000000000 0.5774221989774215
0.8725000000000001 0.5775323534347175
0.8737500000000000 0.5776425042978192
0.8750000000000000 0.5777526546563705
0.8762500000000000 0.5778628014663991
0.8775000000000001 0.5779729477174718
0.8787500000000000 0.5780830904531351
0.8800000000000000 0.5781932325881131
0.8812500000000000 0.5783033712279928
0.8825000000000001 0.5784135092382626
0.8837500000000000 0.5785236437609274
0.8850000000000000 0.5786337776377620
0.8862500000000000 0.5787439080218773
0.8875000000000001 0.5788540377563327
0.8887500000000000 0.5789641639807633
0.8900000000000000 0.5790742895635748
0.8912500000000000 0.5791844116074774
0.8925000000000001 0.5792945330289638
0.8937500000000000 0.5794046508718752
0.8950000000000000 0.5795147681218504
0.8962500000000000 0.5796248817437550
0.8975000000000000 0.5797349948114469
0.8987500000000000 0.5798451041928339
0.9000000000000000 0.5799552130667969
0.9012500000000000 0.5800653181886928
0.9025000000000000 0.5801754228567197
0.9037500000000001 0.5802855237006861
0.9050000000000000 0.5803956241496907
0.9062500000000000 0.5805057206977597
0.9075000000000000 0.5806158169136054
0.9087500000000001 0.5807259091481094
0.9100000000000000 0.5808360011153128
0.9112500000000000 0.5809460890185143
0.9125000000000000 0.5810561767197013
0.9137500000000001 0.5811662602730425
0.9150000000000000 0.5812763436879045
0.9162500000000000 0.5813864228705277
0.9175000000000000 0.5814965019737944
0.9187500000000001 0.5816065767596514
0.9200000000000000 0.5817166515171139
0.9212500000000000 0.5818267218693307
0.9225000000000000 0.5819367922300589
0.9237500000000001 0.5820468580899494
0.9250000000000000 0.5821569239710441
0.9262500000000000 0.5822669852366711
0.9275000000000000 0.5823770464934215
0.9287500000000000 0.5824871029777190
0.9300000000000000 0.5825971593452115
0.9312500000000000 0.5827072106941742
0.9325000000000000 0.5828172616730671
0.9337500000000000 0.5829273072058224
0.9350000000000001 0.5830373518388975
0.9362500000000000 0.5831473902350151
0.9375000000000000 0.5832574266700919
0.9387500000000000 0.5833674553580624
0.9400000000000001 0.5834774799929321
0.9412500000000000 0.5835874939540022
0.9425000000000000 0.5836974997635773
0.9437500000000000 0.5838074891916194
0.9450000000000001 0.5839174624548046
0.9462500000000000 0.5840274081775307
0.9475000000000000 0.5841373220722753
0.9487500000000000 0.5842471865910343
0.9500000000000001 0.5843569886595967
0.9512500000000000 0.5844666986131483
0.9525000000000000 0.5845762862286118
0.9537500000000000 0.5846856980692030
0.9550000000000001 0.5847948704137238
0.9562500000000000 0.5849037032200136
0.9575000000000000 0.5850120672839353
0.9587500000000000 0.5851197712464227
0.9600000000000000 0.5852265578350762
0.9612500000000000 0.5853320568576262
0.9625000000000000 0.5854357605349174
0.9637500000000000 0.5855369486471962
0.9650000000000000 0.5856346235457518
0.9662500000000001 0.5857273804971189
0.9675000000000000 0.5858132647840619
0.9687500000000000 0.5858895351602982
0.9700000000000000 0.5859523709433292
0.9712500000000001 0.5859964294376139
0.9725000000000000 0.5860142675575809
0.9737500000000000 0.5859955101729256
0.9750000000000000 0.5859257426702273
0.9762500000000001 0.5857849735923638
0.9775000000000000 0.5855456013345094
0.9787500000000000 0.5851697030458285
0.9800000000000000 0.5846055823819164
0.9812500000000001 0.5837834877589086
0.9825000000000000 0.5826106989508862
0.9837500000000000 0.5809664694268850
0.9850000000000000 0.5786980781208959
0.9862500000000001 0.5756201653908281
0.9875000000000000 0.5715208232300704
0.9887500000000000 0.5661786687160397
0.9900000000000000 0.5593945436596551
0.9912500000000001 0.5510377316286550
0.9925000000000000 0.5410993761914553
0.9937500000000000 0.5297369304986558
0.9950000000000000 0.5172889626716790
0.9962500000000000 0.5042453906930318
0.9975000000000001 0.4911751382803103
0.9987500000000000 0.4786324297514770
1.0000000000000000 0.4670723791808751
1.0012500000000000 0.4567999806389546
1.0024999999999999 0.4479599657125831
1.0037499999999999 0.4405590823435211
1.0050000000000001 0.4345050441793308
1.0062500000000001 0.4296475193166441
1.0075000000000001 0.4258122062665716
1.0087500000000000 0.4228246839062737
1.0100000000000000 0.4205246179051966
1.0112500000000000 0.4187725037011944
1.0125000000000000 0.4174514861606407
1.0137499999999999 0.4164662800705702
1.0150000000000001 0.4157407074831414
1.0162500000000001 0.4152147283174819
1.0175000000000001 0.4148415339389779
1.0187500000000000 0.4145849106117280
1.0200000000000000 0.4144170166424073
1.0212500000000000 0.4143165321556542
1.0225000000000000 0.4142671949335076
1.0237499999999999 0.4142566219107762
1.0249999999999999 0.4142754107495149
1.0262500000000001 0.4143164227962994
1.0275000000000001 0.4143742530551434
1.0287500000000001 0.4144448028730582
1.0300000000000000 0.4145249753349126
1.0312500000000000 0.4146124220016531
1.0325000000000000 0.4147053719220019
1.0337499999999999 0.4148024805308536
1.0349999999999999 0.4149027365243154
1.0362500000000001 0.4150053699675750
1.0375000000000001 0.4151098041246244
1.0387500000000001 0.4152155976438910
1.0400000000000000 0.4153224222110956
1.0412500000000000 0.4154300242736587
1.0425000000000000 0.4155382174850839
1.0437500000000000 0.4156468556107836
1.0449999999999999 0.4157558334302125
1.0462500000000001 0.4158650660378593
1.0475000000000001 0.4159744945742850
1.0487500000000001 0.4160840691871163
1.0500000000000000 0.4161937575139694
1.0512500000000000 0.4163035297420745
1.0525000000000000 0.4164133686551446
1.0537500000000000 0.4165232559002180
1.0549999999999999 0.4166331829199975
1.0562499999999999 0.4167431379169569
1.0575000000000001 0.4168531172850160
1.0587500000000001 0.4169631129775986
1.0600000000000001 0.4170731242206097
1.0612500000000000 0.4171831451138466
1.0625000000000000 0.4172931765041467
1.0637500000000000 0.4174032137188683
1.0649999999999999 0.4175132585340787
1.0662499999999999 0.4176233069778985
1.0675000000000001 0.4177333613609903
1.0687500000000001 0.4178434181095876
1.0700000000000001 0.4179534798442686
1.0712500000000000 0.4180635432149514
1.0725000000000000 0.4181736110246841
1.0737500000000000 0.4182836800460248
1.0750000000000000 0.4183937531926638
1.0762499999999999 0.4185038273008055
1.0775000000000001 0.4186139053547331
1.0787500000000001 0.4187239842194402
1.0800000000000001 0.4188340669278851
1.0812500000000000 0.4189441503528875
1.0825000000000000 0.4190542375644667
1.0837500000000000 0.4191643254303510
1.0850000000000000 0.4192744170518213
1.0862499999999999 0.4193845092832952
1.0875000000000001 0.4194946052547580
1.0887500000000001 0.4196047018018774
1.0900000000000001 0.4197148020825621
1.0912500000000001 0.4198249029099652
1.0925000000000000 0.4199350074700767
1.0937500000000000 0.4200451125508023
1.0950000000000000 0.4201552213668488
1.0962499999999999 0.4202653306787855
1.0974999999999999 0.4203754437308968
1.0987500000000001 0.4204855572547438
1.1000000000000001 0.4205956745251400
1.1012500000000001 0.4207057922432282
1.1025000000000000 0.4208159137153415
1.1037500000000000 0.4209260356109561
1.1050000000000000 0.4210361612689306
1.1062500000000000 0.4211462873259176
1.1074999999999999 0.4212564171543249
1.1087500000000001 0.4213665473568622
1.1100000000000001 0.4214766813405392
1.1112500000000001 0.4215868156730033
1.1125000000000000 0.4216969537969617
1.1137500000000000 0.4218070922438501
1.1150000000000000 0.4219172344932250
1.1162500000000000 0.4220273770391086
1.1174999999999999 0.4221375233991305
1.1187500000000001 0.4222476700286266
1.1200000000000001 0.4223578204846066
1.1212500000000001 0.4224679711823600
1.1225000000000001 0.4225781257196837
1.1237500000000000 0.4226882804703552
1.1250000000000000 0.4227984390744796
1.1262500000000000 0.4229085978627355
1.1274999999999999 0.4230187605191922
1.1287499999999999 0.4231289233296958
1.1300000000000001 0.4232390900240951
1.1312500000000001 0.4233492568414956
1.1325000000000001 0.4234594275595387
1.1337500000000000 0.4235695983684559
1.1350000000000000 0.4236797730959454
1.1362500000000000 0.4237899478809563
1.1375000000000000 0.4239001266038159
1.1387499999999999 0.4240103053494293
1.1400000000000001 0.4241204880537277
1.1412500000000001 0.4242306707443580
1.1425000000000001 0.4243408574163388
1.1437500000000000 0.4244510440362725
1.1450000000000000 0.4245612346623916
1.1462500000000000 0.4246714251957445
1.1475000000000000 0.4247816197627158
1.1487499999999999 0.4248918141933815
1.1500000000000001 0.4250020126882352
1.1512500000000001 0.4251122109998228
1.1525000000000001 0.4252224134099696
1.1537500000000001 0.4253326155857309
1.1550000000000000 0.4254428218990448
1.1562500000000000 0.4255530279217866
1.1575000000000000 0.4256632381266970
1.1587499999999999 0.4257734479786791
1.1599999999999999 0.4258836620642822
1.1612500000000001 0.4259938757270956
1.1625000000000001 0.4261040936832851
1.1637500000000001 0.4262143111377156
1.1650000000000000 0.4263245329553277
1.1662500000000000 0.4264347541811948
1.1675000000000000 0.4265449798521835
1.1687500000000000 0.4266552048281543
1.1699999999999999 0.4267654343457883
1.1712500000000001 0.4268756630491660
1.1725000000000001 0.4269858964082561
1.1737500000000001 0.4270961288147367
1.1750000000000000 0.4272063660118933
1.1762500000000000 0.4273166020952906
1.1775000000000000 0.4274268431292190
1.1787500000000000 0.4275370828611503
1.1799999999999999 0.4276473277329816
1.1812500000000001 0.4277575710825164
1.1825000000000001 0.4278678197961804
1.1837500000000001 0.4279780667294459
1.1850000000000001 0.4280883192920873
1.1862500000000000 0.4281985697718285
1.1875000000000000 0.4283088261942701
1.1887500000000000 0.4284190801793626
1.1899999999999999 0.4285293404766173
1.1912499999999999 0.4286395979215291
1.1925000000000001 0.4287498621133631
1.1937500000000001 0.4288601229675663
1.1950000000000001 0.4289703910791126
1.1962500000000000 0.4290806552864421
1.1975000000000000 0.4291909273488693
1.1987500000000000 0.4293011948468269
1.2000000000000000 0.4294114708980621
1.2012499999999999 0.4295217416170660
1.2025000000000001 0.4296320217025694
1.2037500000000001 0.4297422955651561
1.2050000000000001 0.4298525797387457
1.2062500000000000 0.4299628566587185
1.2075000000000000 0.4300731449834437
1.2087500000000000 0.4301834248649755
1.2100000000000000 0.4302937174140350
1.2112499999999999 0.4304040001507347
1.2125000000000001 0.4305142970084276
1.2137500000000001 0.4306245824823689
1.2150000000000001 0.4307348837450798
1.2162500000000001 0.4308451718258076
1.2175000000000000 0.4309554776030057
1.2187500000000000 0.4310657681465311
1.2200000000000000 0.4311760785617795
1.2212499999999999 0.4312863714095702
1.2224999999999999 0.4313966866015297
1.2237500000000001 0.4315069815795156
1.2250000000000001 0.4316173017029241
1.2262500000000001 0.4317275986205373
1.2275000000000000 0.4318379238471485
1.2287500000000000 0.4319482224964087
1.2300000000000000 0.4320585530158731
1.2312500000000000 0.4321688531705458
1.2324999999999999 0.4322791891912110
1.2337500000000001 0.4323894906060553
1.2350000000000001 0.4324998323556584
1.2362500000000001 0.4326101347657978
1.2375000000000000 0.4327204824920308
1.2387500000000000 0.4328307856124602
1.2400000000000000 0.4329411395833778
1.2412500000000000 0.4330514431086436
1.2424999999999999 0.4331618036128911
1.2437500000000001 0.4332721072169661
1.2450000000000001 0.4333824745637945
1.2462500000000001 0.4334927779001754
1.2475000000000001 0.4336031524192213
1.2487500000000000 0.4337134551212787
1.2500000000000000 0.4338238371620805
1.2512500000000000 0.4339341388436833
1.2524999999999999 0.4340445287749087
1.2537499999999999 0.4341548290313487
1.2550000000000001 0.4342652272397111
1.2562500000000001 0.4343755256489508
1.2575000000000001 0.4344859325377928
1.2587500000000000 0.4345962286620540
1.2600000000000000 0.4347066446495824
1.2612500000000000 0.4348169380372897
1.2625000000000000 0.4349273635544513
1.2637499999999999 0.4350376537425417
1.2650000000000001 0.4351480892305250
1.2662500000000001 0.4352583757471293
1.2675000000000001 0.4353688216544997
1.2687500000000000 0.4354791040219951
1.2700000000000000 0.4355895608014568
1.2712500000000000 0.4356998385398835
1.2725000000000000 0.4358103066446871
1.2737499999999999 0.4359205792755130
1.2750000000000001 0.4360310591555219
1.2762500000000001 0.4361413262057389
1.2775000000000001 0.4362518183031791
1.2787500000000001 0.4363620793096958
1.2800000000000000 0.4364725840546270
1.2812500000000000 0.4365828385689267
1.2825000000000000 0.4366933563744679
1.2837499999999999 0.4368036039674842
1.2849999999999999 0.4369141352248465
1.2862500000000001 0.4370243754920091
1.2875000000000001 0.4371349205653874
1.2887500000000001 0.4372451531317765
1.2900000000000000 0.4373557123531631
1.2912500000000000 0.4374659368787105
1.2925000000000000 0.4375765105426963
1.2937500000000000 0.4376867267273643
1.2949999999999999 0.4377973150859978
1.2962500000000001 0.4379075226748599
1.2975000000000001 0.4380181259326448
1.2987500000000001 0.4381283247207938
1.3000000000000000 0.4382389430298956
1.3012500000000000 0.4383491328670973
1.3025000000000000 0.4384597663228466
1.3037500000000000 0.4385699471178624
1.3049999999999999 0.4386805957546269
1.3062500000000001 0.4387907674791254
1.3075000000000001 0.4389014312666342
1.3087500000000001 0.4390115939586129
1.3100000000000001 0.4391222727988026
1.3112500000000000 0.4392324265654558
1.3125000000000000 0.4393431202899075
1.3137500000000000 0.4394532653098684
1.3149999999999999 0.4395639736779000
1.3162499999999999 0.4396741102027997
1.3175000000000001 0.4397848329002664
1.3187500000000001 0.4398949612555629
1.3200000000000001 0.4400056978944096
1.3212500000000000 0.4401158184794459
1.3225000000000000 0.4402265685980443
1.3237500000000000 0.4403366818853086
1.3250000000000000 0.4404474449496036
1.3262499999999999 0.4405575514831754
1.3275000000000001 0.4406683268886477
1.3287500000000001 0.4407784272818254
1.3300000000000001 0.4408892143562690
1.3312500000000000 0.4409993092883925
1.3325000000000000 0.4411101072954897
1.3337500000000000 0.4412201975079755
1.3350000000000000 0.4413310056516372
1.3362499999999999 0.4414410919432719
1.3375000000000001 0.4415519093727037
1.3387500000000001 0.4416619925942337
1.3400000000000001 0.4417728184096696
1.3412500000000001 0.4418828994577595
1.3425000000000000 0.4419937327167967
1.3437500000000000 0.4421038125274217
1.3450000000000000 0.4422146522518792
1.3462499999999999 0.4423247317932348
1.3474999999999999 0.4424355769764513
1.3487500000000001 0.4425456572414745
1.3500000000000001 0.4426565068559460
1.3512500000000001 0.4427665888545400
1.3525000000000000 0.4428774418598053
1.3537500000000000 0.4429875266108718
1.3550000000000000 0.4430983819615357
1.3562500000000000 0.4432084704849216
1.3574999999999999 0.4433193271387128
1.3587500000000001 0.4434294204471723
1.3600000000000001 0.4435402773729346
1.3612500000000001 0.4436503764642126
1.3625000000000000 0.4437612326497200
1.3637500000000000 0.4438713384988593
1.3650000000000000 0.4439821929583624
1.3662500000000000 0.4440923065103295
1.3674999999999999 0.4442031582917344
1.3687500000000001 0.4443132804544554
1.3700000000000001 0.4444241286460529
1.3712500000000001 0.4445342602839381
1.3725000000000001 0.4446451040206032
1.3737500000000000 0.4447552459486380
1.3750000000000000 0.4448660844174369
1.3762500000000000 0.4449762373958938
1.3774999999999999 0.4450870698410360
1.3787499999999999 0.4451972345708661
1.3800000000000001 0.4453080602979601
1.3812500000000001 0.4454182374168965
1.3825000000000001 0.4455290557964806
1.3837500000000000 0.4456392458758821
1.3850000000000000 0.4457500563462006
1.3862500000000000 0.4458602598886521
1.3875000000000000 0.4459710619576771
1.3887499999999999 0.4460812793953475
1.3900000000000001 0.4461920726420442
1.3912500000000001 0.4463023043357927
1.3925000000000001 0.4464130884106452
1.3937500000000000 0.4465233346498552
1.3950000000000000 0.4466341092746776
1.3962500000000000 0.4467443702777930
1.3975000000000000 0.4468551352448593
1.3987499999999999 0.4469654111605761
1.4000000000000001 0.4470761663311145
1.4012500000000001 0.4471864572401889
1.4025000000000001 0.4472972025422854
1.4037500000000001 0.4474075084599019
1.4050000000000000 0.4475182438858756
1.4062500000000000 0.4476285647645150
1.4075000000000000 0.4477392903678196
1.4087499999999999 0.4478496261005704
1.4099999999999999 0.4479603419922887
1.4112500000000001 0.4480706924165309
1.4125000000000001 0.4481813987615255
1.4137500000000001 0.4482917636629274
1.4150000000000000 0.4484024606757157
1.4162500000000000 0.4485128397924733
1.4175000000000000 0.4486235277328868
1.4187500000000000 0.4487339207601447
1.4199999999999999 0.4488445999288450
1.4212500000000001 0.4489550065232338
1.4225000000000001 0.4490656772571366
1.4237500000000001 0.4491760970413688
1.4250000000000000 0.4492867597090384
1.4262500000000000 0.4493971922765106
1.4275000000000000 0.4495078472735791
1.4287500000000000 0.4496182921929205
1.4299999999999999 0.4497289399375772
1.4312500000000001 0.4498393967571097
1.4325000000000001 0.4499500376857051
1.4337500000000001 0.4500605059377650
1.4350000000000001 0.4501711405005721
1.4362500000000000 0.4502816197056593
1.4375000000000000 0.4503922483628180
1.4387500000000000 0.4505027380335478
1.4399999999999999 0.4506133612512271
1.4412499999999999 0.4507238608960505
1.4425000000000001 0.4508344791428474
1.4437500000000001 0.4509449882695269
1.4450000000000001 0.4510556020131197
1.4462500000000000 0.4511661201319441
1.4475000000000000 0.4512767298360132
1.4487500000000000 0.4513872564627390
1.4500000000000000 0.4514978625841615
1.4512499999999999 0.4516083972426802
1.4525000000000001 0.4517190002290049
1.4537500000000001 0.4518295424537278
1.4550000000000001 0.4519401427409254
1.4562500000000000 0.4520506920788939
1.4575000000000000 0.4521612900893873
1.4587500000000000 0.4522718461021087
1.4600000000000000 0.4523824422430695
1.4612499999999999 0.4524930045080853
1.4625000000000001 0.4526035991699960
1.4637500000000001 0.4527141672821940
1.4650000000000001 0.4528247608376597
1.4662500000000001 0.4529353344103404
1.4675000000000000 0.4530459272131399
1.4687500000000000 0.4531565058788501
1.4700000000000000 0.4532670982632149
1.4712499999999999 0.4533776816743612
1.4724999999999999 0.4534882739544641
1.4737500000000001 0.4535988617837236
1.4750000000000001 0.4537094542533650
1.4762500000000001 0.4538200461939058
1.4775000000000000 0.4539306391263831
1.4787500000000000 0.4540412348919098
1.4800000000000000 0.4541518285400513
1.4812500000000000 0.4542624278646936
1.4824999999999999 0.4543730224610431
1.4837500000000001 0.4544836250991020
1.4850000000000001 0.4545942208562391
1.4862500000000001 0.4547048265818024
1.4875000000000000 0.4548154236927865
1.4887500000000000 0.4549260322992330
1.4900000000000000 0.4550366309381465
1.4912500000000000 0.4551472422375513
1.4924999999999999 0.4552578425601411
1.4937500000000001 0.4553684563825962
1.4950000000000001 0.4554790585269908
1.4962500000000001 0.4555896747198498
1.4975000000000001 0.4557002788073453
1.4987500000000000 0.4558108972344120
1.5000000000000000 0.4559215033703078
1.5012500000000000 0.4560321239109752
1.5024999999999999 0.4561427321854561
1.5037500000000001 0.4562533547338097
1.5050000000000001 0.4563639652228561
1.5062500000000001 0.4564745896867485
1.5075000000000001 0.4565852024530705
1.5087500000000000 0.4566958287531834
1.5100000000000000 0.4568064438471650
1.5112500000000000 0.4569170719160608
1.5125000000000000 0.4570276893767053
1.5137499999999999 0.4571383191578829
1.5150000000000001 0.4572489390137556
1.5162500000000001 0.4573595704607148
1.5175000000000001 0.4574701927308699
1.5187500000000000 0.4575808258061913
1.5200000000000000 0.4576914505010840
1.5212500000000000 0.4578020851755294
1.5225000000000000 0.4579127122978985
1.5237499999999999 0.4580233485495415
1.5250000000000001 0.4581339780952663
1.5262500000000001 0.4582446159086528
1.5275000000000001 0.4583552478675736
1.5287500000000001 0.4584658872329208
1.5300000000000000 0.4585765215896188
1.5312500000000000 0.4586871625020518
1.5325000000000000 0.4587977992365933
1.5337499999999999 0.4589084416954269
1.5350000000000001 0.4590190807840593
1.5362500000000001 0.4591297247921212
1.5375000000000001 0.4592403662079243
1.5387500000000001 0.4593510117709296
1.5400000000000000 0.4594616554844179
1.5412500000000000 0.4595723026103896
1.5425000000000000 0.4596829485900682
1.5437500000000000 0.4597935972888046
1.5449999999999999 0.4599042455016762
1.5462500000000001 0.4600148957842708
1.5475000000000001 0.4601255461962914
1.5487500000000001 0.4602361980746985
1.5500000000000000 0.4603468506511893
1.5512500000000000 0.4604575041378354
1.5525000000000000 0.4605681588438468
1.5537500000000000 0.4606788139512910
1.5549999999999999 0.4607894707519211
1.5562500000000001 0.4609001274925551
1.5575000000000001 0.4610107863532275
1.5587500000000001 0.4611214447390204
1.5600000000000001 0.4612321056257196
1.5612500000000000 0.4613427656680013
1.5625000000000000 0.4614534285474716
1.5637500000000000 0.4615640902567509
1.5649999999999999 0.4616747550966576
1.5662500000000001 0.4617854184824783
1.5675000000000001 0.4618960852515390
1.5687500000000001 0.4620067503223645
1.5700000000000001 0.4621174189904459
1.5712500000000000 0.4622280857535768
1.5725000000000000 0.4623387562917660
1.5737500000000000 0.4624494247532791
1.5750000000000000 0.4625600971339296
1.5762499999999999 0.4626707672986474
1.5775000000000001 0.4627814414954013
1.5787500000000001 0.4628921133668762
1.5800000000000001 0.4630027893546680
1.5812500000000000 0.4631134629351883
1.5825000000000000 0.4632241406902328
1.5837500000000000 0.4633348159808427
1.5850000000000000 0.4634454954806065
1.5862499999999999 0.4635561724811401
1.5875000000000001 0.4636668537043017
1.5887500000000001 0.4637775324134271
1.5900000000000001 0.4638882153398301
1.5912500000000001 0.4639988957551008
1.5925000000000000 0.4641095803656964
1.5937500000000000 0.4642202624836116
1.5950000000000000 0.4643309487603969
1.5962499999999999 0.4644416325764655
1.5975000000000001 0.4645523205024181
1.5987500000000001 0.4646630060112245
1.6000000000000001 0.4647736955702333
1.6012500000000001 0.4648843827655078
1.6025000000000000 0.4649950739423040
1.6037500000000000 0.4651057628169914
1.6050000000000000 0.4652164555970802
1.6062500000000000 0.4653271461434077
1.6074999999999999 0.4654378405129994
1.6087500000000001 0.4655485327225441
1.6100000000000001 0.4656592286684879
1.6112500000000001 0.4657699225322414
1.6125000000000000 0.4658806200419631
1.6137500000000000 0.4659913155503939
1.6150000000000000 0.4661020146118336
1.6162500000000000 0.4662127117549452
1.6174999999999999 0.4663234123565009
1.6187500000000001 0.4664341111238880
1.6200000000000001 0.4665448132543619
1.6212500000000001 0.4666555136352614
1.6225000000000001 0.4667662172838105
1.6237500000000000 0.4668769192671482
1.6250000000000000 0.4669876244232386
1.6262500000000000 0.4670983279976736
1.6274999999999999 0.4672090346510399
1.6287500000000001 0.4673197398050010
1.6300000000000001 0.4674304479456098
1.6312500000000001 0.4675411546673320
1.6325000000000001 0.4676518642853496
1.6337500000000000 0.4677625725629037
1.6350000000000000 0.4678732836486652
1.6362500000000000 0.4679839934699860
1.6375000000000000 0.4680947060139717
1.6387499999999999 0.4682054173668800
1.6400000000000001 0.4683161313596930
1.6412500000000001 0.4684268442319168
1.6425000000000001 0.4685375596642629
1.6437500000000000 0.4686482740434560
1.6450000000000000 0.4687589909061277
1.6462500000000000 0.4688697067798843
1.6475000000000000 0.4689804250637458
1.6487499999999999 0.4690911424196131
1.6500000000000001 0.4692018621155895
1.6512500000000001 0.4693125809410794
1.6525000000000001 0.4694233020401447
1.6537500000000001 0.4695340223227434
1.6550000000000000 0.4696447448159118
1.6562500000000000 0.4697554665430896
1.6575000000000000 0.4698661904214063
1.6587499999999999 0.4699769135806226
1.6600000000000001 0.4700876388351601
1.6612500000000001 0.4701983634138700
1.6625000000000001 0.4703090900357201
1.6637500000000001 0.4704198160213792
1.6650000000000000 0.4705305440016501
1.6662500000000000 0.4706412713817187
1.6675000000000000 0.4707520007115304
1.6687500000000000 0.4708627294734753
1.6699999999999999 0.4709734601439584
1.6712500000000001 0.4710841902752566
1.6725000000000001 0.4711949222775459
1.6737500000000001 0.4713056537656899
1.6750000000000000 0.4714163870909229
1.6762500000000000 0.4715271199234213
1.6775000000000000 0.4716378545627333
1.6787500000000000 0.4717485887271165
1.6799999999999999 0.4718593246716383
1.6812500000000001 0.4719700601554604
1.6825000000000001 0.4720807973963139
1.6837500000000001 0.4721915341871575
1.6850000000000001 0.4723022727154512
1.6862500000000000 0.4724130108009300
1.6875000000000000 0.4725237506077573
1.6887500000000000 0.4726344899755207
1.6899999999999999 0.4727452310519538
1.6912500000000001 0.4728559716896892
1.6925000000000001 0.4729667140267770
1.6937500000000001 0.4730774559222150
1.6950000000000001 0.4731881995109780
1.6962500000000000 0.4732989426518961
1.6975000000000000 0.4734096874833220
1.6987500000000000 0.4735204318575495
1.7000000000000000 0.4736311779225882
1.7012499999999999 0.4737419235180096
1.7025000000000001 0.4738526708075705
1.7037500000000001 0.4739634176121296
1.7050000000000001 0.4740741661170756
1.7062500000000000 0.4741849141187819
1.7075000000000000 0.4742956638299236
1.7087500000000000 0.4744064130168554
1.7100000000000000 0.4745171639249496
1.7112499999999999 0.4746279142852576
1.7125000000000001 0.4747386663810005
1.7137500000000001 0.4748494179029139
1.7150000000000001 0.4749601711769378
1.7162500000000001 0.4750709238487669
1.7175000000000000 0.4751816782916347
1.7187500000000000 0.4752924321017770
1.7200000000000000 0.4754031877039778
1.7212499999999999 0.4755139426409216
1.7225000000000001 0.4756246993928673
1.7237500000000001 0.4757354554451953
1.7250000000000001 0.4758462133372162
1.7262500000000001 0.4759569704936085
1.7275000000000000 0.4760677295159486
1.7287500000000000 0.4761784877651900
1.7300000000000000 0.4762892479080039
1.7312500000000000 0.4764000072389823
1.7324999999999999 0.4765107684923326
1.7337500000000001 0.4766215288940450
1.7350000000000001 0.4767322912478998
1.7362500000000001 0.4768430527094525
1.7375000000000000 0.4769538161536823
1.7387500000000000 0.4770645786642947
1.7400000000000000 0.4771753431886718
1.7412500000000000 0.4772861067376746
1.7424999999999999 0.4773968723318716
1.7437500000000001 0.4775076369087113
1.7450000000000001 0.4776184035623000
1.7462500000000001 0.4777291691565356
1.7475000000000001 0.4778399368589876
1.7487500000000000 0.4779507034602933
1.7500000000000000 0.4780614722009795
1.7512500000000000 0.4781722397991430
1.7524999999999999 0.4782830095673334
1.7537500000000001 0.4783937781522556
1.7550000000000001 0.4785045489371219
1.7562500000000001 0.4786153184988140
1.7575000000000001 0.4787260902894305
1.7587500000000000 0.4788368608180134
1.7600000000000000 0.4789476336033606
1.7612500000000000 0.4790584050890594
1.7625000000000000 0.4791691788580263
1.7637499999999999 0.4792799512911692
1.7650000000000001 0.4793907260325579
1.7662500000000001 0.4795014994035691
1.7675000000000001 0.4796122751060998
1.7687500000000000 0.4797230494054959
1.7700000000000000 0.4798338260578106
1.7712500000000000 0.4799446012761963
1.7725000000000000 0.4800553788668647
1.7737499999999999 0.4801661549949262
1.7750000000000001 0.4802769335124508
1.7762500000000001 0.4803877105409505
1.7775000000000001 0.4804984899737715
1.7787500000000001 0.4806092678935429
1.7800000000000000 0.4807200482300450
1.7812500000000000 0.4808308270319860
1.7825000000000000 0.4809416082605045
1.7837499999999999 0.4810523879355702
1.7850000000000001 0.4811631700443983
1.7862500000000001 0.4812739505835940
1.7875000000000001 0.4813847335609888
1.7887500000000001 0.4814955149553617
1.7900000000000000 0.4816062987895547
1.7912500000000000 0.4817170810301870
1.7925000000000000 0.4818278657093888
1.7937500000000000 0.4819386487873890
1.7949999999999999 0.4820494342997994
1.7962500000000001 0.4821602182062947
1.7975000000000001 0.4822710045401086
1.7987500000000001 0.4823817892662375
1.8000000000000000 0.4824925764096537
1.8012500000000000 0.4826033619465580
1.8025000000000000 0.4827141498877849
1.8037500000000000 0.4828249362266030
1.8049999999999999 0.4829357249538688
1.8062500000000001 0.4830465120857264
1.8075000000000001 0.4831573015872830
1.8087500000000001 0.4832680895032884
1.8100000000000001 0.4833788797674211
1.8112500000000000 0.4834896684586558
1.8125000000000000 0.4836004594736886
1.8137500000000000 0.4837112489312027
1.8149999999999999 0.4838220406855045
1.8162500000000001 0.4839328309003085
1.8175000000000001 0.4840436233823002
1.8187500000000001 0.4841544143453610
1.8200000000000001 0.4842652075435195
1.8212500000000000 0.4843759992457534
1.8225000000000000 0.4844867931486187
1.8237500000000000 0.4845975855808869
1.8250000000000000 0.4847083801770651
1.8262499999999999 0.4848191733301688
1.8275000000000001 0.4849299686083381
1.8287500000000001 0.4850407624730134
1.8300000000000001 0.4851515584219278
1.8312500000000000 0.4852623529888419
1.8325000000000000 0.4853731495973349
1.8337500000000000 0.4854839448570841
1.8350000000000000 0.4855947421140703
1.8362499999999999 0.4857055380571753
1.8375000000000001 0.4858163359516537
1.8387500000000001 0.4859271325685617
1.8400000000000001 0.4860379310896146
1.8412500000000001 0.4861487283706950
1.8425000000000000 0.4862595275074902
1.8437500000000000 0.4863703254430370
1.8450000000000000 0.4864811251848265
1.8462499999999999 0.4865919237650562
1.8475000000000001 0.4867027241011764
1.8487500000000001 0.4868135233162312
1.8500000000000001 0.4869243242361024
1.8512500000000001 0.4870351240760474
1.8525000000000000 0.4871459255691722
1.8537500000000000 0.4872567260239998
1.8550000000000000 0.4873675280799619
1.8562500000000000 0.4874783291395903
1.8574999999999999 0.4875891317480541
1.8587500000000001 0.4876999334023294
1.8600000000000001 0.4878107365530390
1.8612500000000001 0.4879215387917368
1.8625000000000000 0.4880323424745117
1.8637500000000000 0.4881431452873395
1.8650000000000000 0.4882539494920730
1.8662500000000000 0.4883647528686745
1.8674999999999999 0.4884755575853307
1.8687500000000001 0.4885863615152862
1.8700000000000001 0.4886971667338965
1.8712500000000001 0.4888079712067291
1.8725000000000001 0.4889187769173864
1.8737500000000000 0.4890295819225654
1.8750000000000000 0.4891403881154218
1.8762500000000000 0.4892511936423670
1.8774999999999999 0.4893620003076280
1.8787500000000001 0.4894728063457144
1.8800000000000001 0.4895836134736344
1.8812500000000001 0.4896944200121964
1.8825000000000001 0.4898052275930742
1.8837500000000000 0.4899160346214108
1.8850000000000000 0.4900268426455848
1.8862500000000000 0.4901376501529633
1.8875000000000000 0.4902484586108068
1.8887499999999999 0.4903592665864673
1.8900000000000001 0.4904700754683860
1.8912500000000001 0.4905808839015457
1.8925000000000001 0.4906916931979700
1.8937500000000000 0.4908025020778272
1.8950000000000000 0.4909133117792112
1.8962500000000000 0.4910241210949489
1.8975000000000000 0.4911349311917657
1.8987499999999999 0.4912457409325551
1.9000000000000001 0.4913565514152930
1.9012500000000001 0.4914673615702969
1.9025000000000001 0.4915781724294555
1.9037500000000001 0.4916889829878325
1.9050000000000000 0.4917997942139206
1.9062500000000000 0.4919106051648268
1.9075000000000000 0.4920214167483564
1.9087499999999999 0.4921322280809516
1.9100000000000001 0.4922430400124367
1.9112500000000001 0.4923538517158847
1.9125000000000001 0.4924646639858364
1.9137500000000001 0.4925754760493101
1.9150000000000000 0.4926862886482356
1.9162500000000000 0.4927971010609170
1.9175000000000000 0.4929079139793165
1.9187500000000000 0.4930187267304013
1.9199999999999999 0.4931295399587642
1.9212500000000001 0.4932403530374637
1.9225000000000001 0.4933511665662684
1.9237500000000001 0.4934619799618090
1.9250000000000000 0.4935727937815208
1.9262500000000000 0.4936836074831478
1.9275000000000000 0.4937944215842170
1.9287500000000000 0.4939052355811959
1.9299999999999999 0.4940160499540550
1.9312500000000001 0.4941268642356716
1.9325000000000001 0.4942376788707367
1.9337500000000001 0.4943484934262986
1.9350000000000001 0.4944593083139672
1.9362500000000000 0.4945701231328043
1.9375000000000000 0.4946809382634546
1.9387500000000000 0.4947917533349178
1.9399999999999999 0.4949025686989106
1.9412500000000001 0.4950133840123739
1.9425000000000001 0.4951241996000495
1.9437500000000001 0.4952350151449099
1.9450000000000001 0.4953458309465882
1.9462500000000000 0.4954566467122646
1.9475000000000000 0.4955674627182477
1.9487500000000000 0.4956782786941824
1.9500000000000000 0.4957890948947503
1.9512500000000002 0.4958999110704086
1.9525000000000001 0.4960107274558217
1.9537500000000001 0.4961215438206909
1.9550000000000001 0.4962323603811912
1.9562500000000000 0.4963431769247800
1.9575000000000000 0.4964539936505895
1.9587500000000000 0.4965648103624272
1.9600000000000000 0.4966756272437509
1.9612499999999999 0.4967864441133870
1.9625000000000001 0.4968972611404118
1.9637500000000001 0.4970080781574148
1.9650000000000001 0.4971188953203116
1.9662500000000001 0.4972297124742679
1.9675000000000000 0.4973405297631905
1.9687500000000000 0.4974513470437062
1.9700000000000000 0.4975621644487919
1.9712499999999999 0.4976729818454887
1.9725000000000001 0.4977837993568613
1.9737500000000001 0.4978946168593772
1.9750000000000001 0.4980054344671455
1.9762500000000001 0.4981162520651341
1.9775000000000000 0.4982270697593928
1.9787500000000000 0.4983378874425236
1.9800000000000000 0.4984487052133540
1.9812500000000000 0.4985595229713095
1.9825000000000002 0.4986703408087804
1.9837500000000001 0.4987811586312577
1.9850000000000001 0.4988919765254250
1.9862500000000001 0.4990027944021326
1.9875000000000000 0.4991136123430421
1.9887500000000000 0.4992244302637011
1.9900000000000000 0.4993352482413733
1.9912500000000000 0.4994460661955520
1.9924999999999999 0.4995568841979408
1.9937500000000001 0.4996677021491287
1.9950000000000001 0.4997785198333672
1.9962500000000001 0.4998893335495452
1.9975000000000001 0.5000000973517488
1.9987500000000000 0.5001102273458252
2.0000000000000000 0.5002123148131294
