1.8743909999999999
1.7800430000000000
1.7997540000000001
1.8412100000000000
1.7725240000000000
1.8062840000000000
1.8416910000000000
1.8049890000000000
1.7873930000000000
1.8031720000000000
1.8676569999999999
1.8315640000000000
1.8963080000000001
1.9648990000000000
1.9743999999999999
1.8760410000000001
2.1066500000000001
1.9924020000000000
1.8472020000000000
1.8438699999999999
2.0061550000000001
1.8940060000000001
2.0217689999999999
1.9195450000000001
1.9076290000000000
2.0027550000000001
1.8916560000000000
1.8270000000000000
1.8377610000000000
1.8161820000000000
