0.0319990000000000
0.0327140000000000
0.0312660000000000
0.0316590000000000
0.0307390000000000
0.0315820000000000
0.0319990000000000
0.0329470000000000
0.0321230000000000
0.0317640000000000
0.0309430000000000
0.0311160000000000
0.0313390000000000
0.0308550000000000
0.0310850000000000
0.0311560000000000
0.0308590000000000
0.0309600000000000
0.0317670000000000
0.0307610000000000
0.0332270000000000
0.0344120000000000
0.0325950000000000
0.0327420000000000
0.0325700000000000
0.0339400000000000
0.0338390000000000
0.0325210000000000
0.0318500000000000
0.0310170000000000
