0.0000000000000000 0.5053099258941185
0.0200000000000000 0.5070654204939888
0.0400000000000000 0.5088208391679926
0.0600000000000000 0.5105761758811913
0.0800000000000000 0.5123314129769315
0.1000000000000000 0.5140865288919605
0.1200000000000000 0.5158415011489748
0.1400000000000000 0.5175963055826770
0.1600000000000000 0.5193509157212176
0.1800000000000000 0.5211053016337539
0.2000000000000000 0.5228594285738541
0.2200000000000000 0.5246132550638685
0.2400000000000000 0.5263667302583596
0.2600000000000000 0.5281197902636502
0.2800000000000000 0.5298723530013231
0.3000000000000000 0.5316243110280161
0.3200000000000000 0.5333755214915338
0.3400000000000000 0.5351257920687047
0.3600000000000000 0.5368748612669386
0.3800000000000000 0.5386223708207761
0.4000000000000000 0.5403678270008326
0.4200000000000000 0.5421105463677431
0.4400000000000000 0.5438495797005179
0.4600000000000000 0.5455836053028784
0.4800000000000000 0.5473107793641928
0.5000000000000000 0.5490285261492484
0.5200000000000000 0.5507332440245316
0.5400000000000000 0.5524198940878553
0.5600000000000001 0.5540814257492932
0.5800000000000000 0.5557079773288209
0.6000000000000000 0.5572857692147174
0.6200000000000000 0.5587955829598011
0.6400000000000000 0.5602106947971431
0.6600000000000000 0.5614941142676658
0.6800000000000000 0.5625949853149497
0.7000000000000001 0.5634440724610001
0.7200000000000000 0.5639484389694280
0.7400000000000000 0.5639858209641205
0.7600000000000000 0.5633999277013629
0.7800000000000000 0.5619990308049092
0.8000000000000000 0.5595616195566789
0.8200000000000001 0.5558539869140259
0.8400000000000000 0.5506640291810357
0.8600000000000000 0.5438514801998603
0.8800000000000000 0.5354064126764564
0.9000000000000000 0.5254976383925926
0.9200000000000000 0.5144874809739914
0.9400000000000001 0.5028966791739673
0.9600000000000000 0.4913230909165378
0.9800000000000000 0.4803396075492323
1.0000000000000000 0.4704057126412039
1.0200000000000000 0.4618178888254258
1.0400000000000000 0.4547044717746656
1.0600000000000001 0.4490536574495083
1.0800000000000001 0.4447567322083006
1.1000000000000001 0.4416512271775253
1.1200000000000001 0.4395553406192287
1.1400000000000001 0.4382911001778065
1.1599999999999999 0.4376974651899384
1.1799999999999999 0.4376360167443663
1.2000000000000000 0.4379919173270685
1.2200000000000000 0.4386722523163741
1.2400000000000000 0.4396031880181350
1.2600000000000000 0.4407268142412276
1.2800000000000000 0.4419981380197057
1.3000000000000000 0.4433824403990846
1.3200000000000001 0.4448530608657841
1.3400000000000001 0.4463895968776911
1.3600000000000001 0.4479764711250314
1.3800000000000001 0.4496018079513619
1.4000000000000001 0.4512565612660249
1.4199999999999999 0.4529338425996657
1.4399999999999999 0.4546284060564532
1.4600000000000000 0.4563362549699811
1.4800000000000000 0.4580543422619776
1.5000000000000000 0.4597803425649414
1.5200000000000000 0.4615124791024260
1.5400000000000000 0.4632493922433573
1.5600000000000001 0.4649900397182727
1.5800000000000001 0.4667336208645374
1.6000000000000001 0.4684795190966246
1.6200000000000001 0.4702272581960426
1.6400000000000001 0.4719764690808069
1.6600000000000001 0.4737268645236719
1.6799999999999999 0.4754782199020998
1.7000000000000000 0.4772303585278385
1.7200000000000000 0.4789831404558902
1.7400000000000000 0.4807364539389318
1.7600000000000000 0.4824902088947291
1.7800000000000000 0.4842443319065786
1.8000000000000000 0.4859987623922273
1.8200000000000001 0.4877534496641486
1.8400000000000001 0.4895083506702823
1.8600000000000001 0.4912634282544472
1.8800000000000001 0.4930186498120924
1.9000000000000001 0.4947739862162664
1.9199999999999999 0.4965294103676288
1.9399999999999999 0.4982848847469047
1.9600000000000000 0.5000401427075259
1.9800000000000000 0.5017906416518517
2.0000000000000000 0.5034522781011166
