0.0000000000000000 0.5053099333566698
0.0200000000000000 0.5070654208079608
0.0400000000000000 0.5088208329213242
0.0600000000000000 0.5105761747019409
0.0800000000000000 0.5123314133393406
0.1000000000000000 0.5140865284900192
0.1200000000000000 0.5158415017300800
0.1400000000000000 0.5175963058461107
0.1600000000000000 0.5193509161519936
0.1800000000000000 0.5211053019270561
0.2000000000000000 0.5228594288594787
0.2200000000000000 0.5246132552235991
0.2400000000000000 0.5263667303473459
0.2600000000000000 0.5281197902697555
0.2800000000000000 0.5298723529810132
0.3000000000000000 0.5316243110022266
0.3200000000000000 0.5333755214696819
0.3400000000000000 0.5351257920096570
0.3600000000000000 0.5368748610799136
0.3800000000000000 0.5386223703638546
0.4000000000000000 0.5403678260898911
0.4200000000000000 0.5421105447889575
0.4400000000000000 0.5438495772240047
0.4600000000000000 0.5455836016961773
0.4800000000000000 0.5473107744056313
0.5000000000000000 0.5490285196434562
0.5200000000000000 0.5507332358246204
0.5400000000000000 0.5524198841309442
0.5600000000000001 0.5540814141145264
0.5800000000000000 0.5557079643285427
0.6000000000000000 0.5572857555290835
0.6200000000000000 0.5587955698191968
0.6400000000000000 0.5602106841992939
0.6600000000000000 0.5614941091768459
0.6800000000000000 0.5625949897157388
0.7000000000000001 0.5634440910205806
0.7200000000000000 0.5639484759247974
0.7400000000000000 0.5639858778060501
0.7600000000000000 0.5633999995394939
0.7800000000000000 0.5619991023387690
0.8000000000000000 0.5595616634212154
0.8200000000000001 0.5558539687333089
0.8400000000000000 0.5506639222161123
0.8600000000000000 0.5438512855829849
0.8800000000000000 0.5354061717730578
0.9000000000000000 0.5254974223062201
0.9200000000000000 0.5144873570434734
0.9400000000000001 0.5028966759498249
0.9600000000000000 0.4913231876790092
0.9800000000000000 0.4803397536432148
1.0000000000000000 0.4704058578316665
1.0200000000000000 0.4618180028988020
1.0400000000000000 0.4547045467548712
1.0600000000000001 0.4490536994383788
1.0800000000000001 0.4447567521139068
1.1000000000000001 0.4416512349480082
1.1200000000000001 0.4395553431607429
1.1400000000000001 0.4382911014279960
1.1599999999999999 0.4376974669597198
1.1799999999999999 0.4376360195826214
1.2000000000000000 0.4379919211539108
1.2200000000000000 0.4386722568108691
1.2400000000000000 0.4396031928238364
1.2600000000000000 0.4407268190576790
1.2800000000000000 0.4419981426307730
1.3000000000000000 0.4433824446704072
1.3200000000000001 0.4448530647297738
1.3400000000000001 0.4463896003156300
1.3600000000000001 0.4479764741506590
1.3800000000000001 0.4496018105975633
1.4000000000000001 0.4512565635748678
1.4199999999999999 0.4529338446154283
1.4399999999999999 0.4546284078210968
1.4600000000000000 0.4563362565205027
1.4800000000000000 0.4580543436291478
1.5000000000000000 0.4597803437730243
1.5200000000000000 0.4615124801695566
1.5400000000000000 0.4632493931823383
1.5600000000000001 0.4649900405375982
1.5800000000000001 0.4667336215695114
1.6000000000000001 0.4684795196904689
1.6200000000000001 0.4702272586809271
1.6400000000000001 0.4719764694587499
1.6600000000000001 0.4737268647972809
1.6799999999999999 0.4754782200751346
1.7000000000000000 0.4772303586055952
1.7200000000000000 0.4789831404454094
1.7400000000000000 0.4807364538490422
1.7600000000000000 0.4824902087359489
1.7800000000000000 0.4842443316908935
1.8000000000000000 0.4859987621327725
1.8200000000000001 0.4877534493748223
1.8400000000000001 0.4895083503653125
1.8600000000000001 0.4912634279479433
1.8800000000000001 0.4930186495175993
1.9000000000000001 0.4947739859463421
1.9199999999999999 0.4965294101334438
1.9399999999999999 0.4982848845579846
1.9600000000000000 0.5000401425782411
1.9800000000000000 0.5017906414845296
2.0000000000000000 0.5034522739366238
