0.0633810000000000
0.0658050000000000
0.0672200000000000
0.0668280000000000
0.0720200000000000
0.0639940000000000
0.0655180000000000
0.0597220000000000
0.0614340000000000
0.0592460000000000
0.0604630000000000
0.0660120000000000
0.0644400000000000
0.0600100000000000
0.0619710000000000
0.0654030000000000
0.0612430000000000
0.0608880000000000
0.0588170000000000
0.0587800000000000
0.0616940000000000
0.0637010000000000
0.0590320000000000
0.0581150000000000
0.0586870000000000
0.0631480000000000
0.0580500000000000
0.0628380000000000
0.0607400000000000
0.0583610000000000
