0.0000000000000000 0.5006651883950860
0.0025000000000000 0.5008866921951212
0.0050000000000000 0.5011082007337959
0.0075000000000000 0.5013297044013998
0.0100000000000000 0.5015512115591793
0.0125000000000000 0.5017727161187368
0.0150000000000000 0.5019942226821665
0.0175000000000000 0.5022157268144948
0.0200000000000000 0.5024372329916054
0.0225000000000000 0.5026587368005470
0.0250000000000000 0.5028802422892326
0.0275000000000000 0.5031017458046319
0.0300000000000000 0.5033232505963120
0.0325000000000000 0.5035447535164128
0.0350000000000000 0.5037662577879840
0.0375000000000000 0.5039877598401232
0.0400000000000000 0.5042092636344585
0.0425000000000000 0.5044307646073511
0.0450000000000000 0.5046522679935096
0.0475000000000000 0.5048737676012701
0.0500000000000000 0.5050952706956292
0.0525000000000000 0.5053167686799527
0.0550000000000000 0.5055382715099969
0.0575000000000000 0.5057597677477697
0.0600000000000000 0.5059812702010273
0.0625000000000000 0.5062027647056017
0.0650000000000000 0.5064242665486949
0.0675000000000000 0.5066457594385984
0.0700000000000000 0.5068672603525162
0.0725000000000000 0.5070887518034874
0.0750000000000000 0.5073102514420658
0.0775000000000000 0.5075317416249063
0.0800000000000000 0.5077532396712475
0.0825000000000000 0.5079747287100801
0.0850000000000000 0.5081962249059240
0.0875000000000000 0.5084177128550609
0.0900000000000000 0.5086392070272839
0.0925000000000000 0.5088606938351831
0.0950000000000000 0.5090821859396023
0.0975000000000000 0.5093036714031629
0.1000000000000000 0.5095251615613308
0.1025000000000000 0.5097466453059540
0.1050000000000000 0.5099681338037385
0.1075000000000000 0.5101896153057273
0.1100000000000000 0.5104111025553069
0.1125000000000000 0.5106325811899410
0.1150000000000000 0.5108540676787682
0.1175000000000000 0.5110755427710681
0.1200000000000000 0.5112970290137908
0.1225000000000000 0.5115184998851724
0.1250000000000000 0.5117399863763376
0.1275000000000000 0.5119614523957042
0.1300000000000000 0.5121829395516670
0.1325000000000000 0.5124044002023401
0.1350000000000000 0.5126258882843245
0.1375000000000000 0.5128473432493185
0.1400000000000000 0.5130688322724871
0.1425000000000000 0.5132902815254555
0.1450000000000000 0.5135117711743962
0.1475000000000000 0.5137332150494264
0.1500000000000000 0.5139547046312205
0.1525000000000000 0.5141761438389760
0.1550000000000000 0.5143976323041939
0.1575000000000000 0.5146190678699234
0.1600000000000000 0.5148405539164902
0.1625000000000000 0.5150619870373121
0.1650000000000000 0.5152834692856609
0.1675000000000000 0.5155049011330493
0.1700000000000000 0.5157263783337345
0.1725000000000000 0.5159478098496126
0.1750000000000000 0.5161692810699700
0.1775000000000000 0.5163907128093517
0.1800000000000000 0.5166121775523356
0.1825000000000000 0.5168336096083503
0.1850000000000000 0.5170550678424337
0.1875000000000000 0.5172764998582402
0.1900000000000000 0.5174979519705760
0.1925000000000000 0.5177193832110986
0.1950000000000000 0.5179408299227147
0.1975000000000000 0.5181622593599490
0.2000000000000000 0.5183837016521912
0.2025000000000000 0.5186051280162605
0.2050000000000000 0.5188265671112415
0.2075000000000000 0.5190479888721959
0.2100000000000000 0.5192694262928271
0.2125000000000000 0.5194908415575910
0.2150000000000000 0.5197122792729069
0.2175000000000000 0.5199336856006882
0.2200000000000000 0.5201551262451676
0.2225000000000000 0.5203765203994667
0.2250000000000000 0.5205979675422147
0.2275000000000000 0.5208193452089862
0.2300000000000000 0.5210408036380314
0.2325000000000000 0.5212621591500676
0.2350000000000000 0.5214836351262472
0.2375000000000000 0.5217049612449989
0.2400000000000000 0.5219264626686629
0.2425000000000000 0.5221477504853922
0.2450000000000000 0.5223692869101365
0.2475000000000000 0.5225905259341866
0.2500000000000000 0.5228121083606214
0.2525000000000000 0.5230332868575075
0.2550000000000000 0.5232549272527757
0.2575000000000000 0.5234760328732950
0.2600000000000000 0.5236977433929735
0.2625000000000000 0.5239187640942112
0.2650000000000000 0.5241405560321624
0.2675000000000000 0.5243614812353470
0.2700000000000000 0.5245833637875360
0.2725000000000000 0.5248041856559159
0.2750000000000000 0.5250261646436443
0.2775000000000000 0.5252468793107486
0.2800000000000000 0.5254689560506236
0.2825000000000000 0.5256895646023033
0.2850000000000000 0.5259117351189704
0.2875000000000000 0.5261322441446561
0.2900000000000000 0.5263544988884399
0.2925000000000000 0.5265749204722895
0.2950000000000000 0.5267972446292547
0.2975000000000000 0.5270175957422746
0.3000000000000000 0.5272399701231035
0.3025000000000000 0.5274602714830089
0.3050000000000000 0.5276826738735259
0.3075000000000000 0.5279029484337000
0.3100000000000000 0.5281253552106258
0.3125000000000000 0.5283456264982141
0.3150000000000000 0.5285680142793426
0.3175000000000000 0.5287883048107613
0.3200000000000000 0.5290106519265327
0.3225000000000000 0.5292309818870724
0.3250000000000000 0.5294532695218139
0.3275000000000000 0.5296736558205271
0.3300000000000000 0.5298958687551205
0.3325000000000000 0.5301163244812145
0.3350000000000000 0.5303384514490008
0.3375000000000000 0.5305589856862427
0.3400000000000000 0.5307810194094142
0.3425000000000000 0.5310016373262572
0.3450000000000000 0.5312235743214532
0.3475000000000000 0.5314442774494231
0.3500000000000000 0.5316661176825517
0.3525000000000000 0.5318869043145269
0.3550000000000000 0.5321086507594007
0.3575000000000000 0.5323295164271381
0.3600000000000000 0.5325511745562558
0.3625000000000000 0.5327721125681634
0.3650000000000000 0.5329936897890183
0.3675000000000000 0.5332146918165402
0.3700000000000000 0.5334361968669521
0.3725000000000000 0.5336572535613562
0.3750000000000000 0.5338786958885396
0.3775000000000000 0.5340997974962893
0.3800000000000000 0.5343211866580360
0.3825000000000000 0.5345423235913743
0.3850000000000000 0.5347636687253481
0.3875000000000000 0.5349848320423408
0.3900000000000000 0.5352061414459851
0.3925000000000000 0.5354273232035258
0.3950000000000000 0.5356486040528025
0.3975000000000000 0.5358697975143023
0.4000000000000000 0.5360910557286722
0.4025000000000000 0.5363122554299197
0.4050000000000000 0.5365334956698908
0.4075000000000000 0.5367546973656554
0.4100000000000000 0.5369759231332497
0.4125000000000000 0.5371971236592064
0.4150000000000000 0.5374183374639708
0.4175000000000000 0.5376395345520384
0.4200000000000000 0.5378607381057620
0.4225000000000000 0.5380819301868554
0.4250000000000000 0.5383031245969604
0.4275000000000000 0.5385243106164453
0.4300000000000000 0.5387454965579229
0.4325000000000000 0.5389666758187389
0.4350000000000000 0.5391878536745690
0.4375000000000000 0.5394090257136541
0.4400000000000000 0.5396301956818504
0.4425000000000000 0.5398513601786742
0.4450000000000000 0.5400725223494993
0.4475000000000000 0.5402936790614995
0.4500000000000000 0.5405148334710886
0.4525000000000000 0.5407359821892441
0.4550000000000000 0.5409571288565124
0.4575000000000000 0.5411782693744023
0.4600000000000000 0.5413994083274350
0.4625000000000000 0.5416205404181617
0.4650000000000000 0.5418416717150536
0.4675000000000000 0.5420627951117333
0.4700000000000000 0.5422839188595252
0.4725000000000000 0.5425050332363117
0.4750000000000000 0.5427261496104786
0.4775000000000000 0.5429472545621795
0.4800000000000000 0.5431683638281701
0.4825000000000000 0.5433894588473602
0.4850000000000000 0.5436105613849069
0.4875000000000000 0.5438316458361695
0.4900000000000000 0.5440527421663884
0.4925000000000000 0.5442738152580121
0.4950000000000000 0.5444949060726492
0.4975000000000000 0.5447159668267595
0.5000000000000000 0.5449370530182382
0.5025000000000001 0.5451581002410683
0.5050000000000000 0.5453791829312659
0.5075000000000001 0.5456002151860283
0.5100000000000000 0.5458212957509445
0.5125000000000000 0.5460423113365145
0.5150000000000000 0.5462633914232725
0.5175000000000000 0.5464843883624995
0.5200000000000000 0.5467054698946234
0.5225000000000000 0.5469264459365902
0.5250000000000000 0.5471475311031069
0.5275000000000000 0.5473684837437200
0.5300000000000000 0.5475895749678328
0.5325000000000000 0.5478105014928069
0.5350000000000000 0.5480316013764641
0.5375000000000000 0.5482524989298082
0.5400000000000000 0.5484736101717310
0.5425000000000000 0.5486944758513423
0.5450000000000000 0.5489156011379465
0.5475000000000000 0.5491364321176945
0.5500000000000000 0.5493575739888068
0.5525000000000000 0.5495783676638091
0.5550000000000000 0.5497995283579514
0.5575000000000000 0.5500202825067607
0.5600000000000001 0.5502414637938281
0.5625000000000000 0.5504621767481869
0.5650000000000001 0.5506833797602378
0.5675000000000000 0.5509040505704689
0.5700000000000001 0.5511252756436072
0.5725000000000000 0.5513459042258488
0.5750000000000001 0.5515671507674886
0.5775000000000000 0.5517877380183358
0.5800000000000000 0.5520090044140655
0.5825000000000000 0.5522295522790152
0.5850000000000000 0.5524508358516382
0.5875000000000000 0.5526713473361847
0.5900000000000000 0.5528926443662587
0.5925000000000000 0.5531131234825349
0.5950000000000000 0.5533344292950220
0.5975000000000000 0.5535548809421043
0.6000000000000000 0.5537761900580469
0.6025000000000000 0.5539966198400915
0.6050000000000000 0.5542179261860873
0.6075000000000000 0.5544383401785108
0.6100000000000000 0.5546596373409283
0.6125000000000000 0.5548800418202671
0.6150000000000000 0.5551013233263588
0.6175000000000000 0.5553217244834362
0.6200000000000000 0.5555429840884343
0.6225000000000001 0.5557633877464856
0.6250000000000000 0.5559846197048304
0.6275000000000001 0.5562050310640576
0.6300000000000000 0.5564262303642984
0.6325000000000001 0.5566466537917532
0.6350000000000000 0.5568678163382261
0.6375000000000001 0.5570882552174705
0.6400000000000000 0.5573093779471675
0.6425000000000000 0.5575298345961701
0.6450000000000000 0.5577509155255816
0.6475000000000000 0.5579713911847545
0.6500000000000000 0.5581924293881154
0.6525000000000000 0.5584129242738894
0.6550000000000000 0.5586339198003049
0.6575000000000000 0.5588544332141582
0.6600000000000000 0.5590753869559936
0.6625000000000000 0.5592959174347397
0.6650000000000000 0.5595168309627465
0.6675000000000000 0.5597373764537733
0.6700000000000000 0.5599582518356393
0.6725000000000000 0.5601788098805333
0.6750000000000000 0.5603996494988586
0.6775000000000000 0.5606202174103477
0.6800000000000000 0.5608410237938245
0.6825000000000000 0.5610615988138622
0.6850000000000001 0.5612823744920378
0.6875000000000000 0.5615029539225368
0.6900000000000001 0.5617237013106963
0.6925000000000000 0.5619442826123737
0.6950000000000001 0.5621650039291227
0.6975000000000000 0.5623855847876984
0.7000000000000001 0.5626062820043800
0.7025000000000000 0.5628268603664344
0.7050000000000000 0.5630475351848115
0.7075000000000000 0.5632681092678796
0.7100000000000000 0.5634887631207683
0.7125000000000000 0.5637093314035216
0.7150000000000000 0.5639299654722005
0.7175000000000000 0.5641505266709546
0.7200000000000000 0.5643711419132426
0.7225000000000000 0.5645916949506687
0.7250000000000000 0.5648122921341487
0.7275000000000000 0.5650328361051897
0.7300000000000000 0.5652534158411769
0.7325000000000000 0.5654739499799767
0.7350000000000000 0.5656945127550415
0.7375000000000000 0.5659150364054404
0.7400000000000000 0.5661355826085300
0.7425000000000000 0.5663560951995098
0.7450000000000000 0.5665766251438272
0.7475000000000001 0.5667971261702999
0.7500000000000000 0.5670176401099093
0.7525000000000001 0.5672381291185562
0.7550000000000000 0.5674586272602795
0.7575000000000001 0.5676791038396748
0.7600000000000000 0.5678995863511782
0.7625000000000001 0.5681200501252306
0.7650000000000000 0.5683405171402873
0.7675000000000001 0.5685609677640185
0.7700000000000000 0.5687814193858920
0.7725000000000000 0.5690018565426729
0.7750000000000000 0.5692222928464226
0.7775000000000000 0.5694427162459615
0.7800000000000000 0.5696631372802637
0.7825000000000000 0.5698835466568565
0.7850000000000000 0.5701039524457295
0.7875000000000000 0.5703243475564740
0.7900000000000000 0.5705447381011235
0.7925000000000000 0.5707651187239554
0.7950000000000000 0.5709854940048166
0.7975000000000000 0.5712058599363404
0.8000000000000000 0.5714262199152818
0.8025000000000000 0.5716465709684472
0.8050000000000000 0.5718669155910563
0.8075000000000000 0.5720872515927640
0.8100000000000001 0.5723075807905972
0.8125000000000000 0.5725279015792964
0.8150000000000001 0.5727482152719667
0.8175000000000000 0.5729685206953025
0.8200000000000001 0.5731888187922597
0.8225000000000000 0.5734091087047343
0.8250000000000001 0.5736293911065569
0.8275000000000000 0.5738496653670694
0.8300000000000001 0.5740699319660012
0.8325000000000000 0.5742901904349427
0.8350000000000000 0.5745104411141743
0.8375000000000000 0.5747306836493882
0.8400000000000000 0.5749509182801671
0.8425000000000000 0.5751711447304515
0.8450000000000000 0.5753913631651947
0.8475000000000000 0.5756115733587301
0.8500000000000000 0.5758317754165768
0.8525000000000000 0.5760519691392385
0.8550000000000000 0.5762721545770355
0.8575000000000000 0.5764923315307157
0.8600000000000000 0.5767124999857398
0.8625000000000000 0.5769326597074370
0.8650000000000000 0.5771528105850022
0.8675000000000000 0.5773729522890702
0.8700000000000000 0.5775930845424734
0.8725000000000001 0.5778132068125122
0.8750000000000000 0.5780333185125378
0.8775000000000001 0.5782534186990456
0.8800000000000000 0.5784735061918123
0.8825000000000001 0.5786935792341129
0.8850000000000000 0.5789136354934358
0.8875000000000001 0.5791336716147865
0.8900000000000000 0.5793536830179687
0.8925000000000001 0.5795736632148225
0.8950000000000000 0.5797936032318470
0.8975000000000000 0.5800134904439158
0.9000000000000000 0.5802333072822357
0.9025000000000000 0.5804530291034321
0.9050000000000000 0.5806726215135919
0.9075000000000000 0.5808920363324326
0.9100000000000000 0.5811112062199774
0.9125000000000000 0.5813300368948890
0.9150000000000000 0.5815483964888758
0.9175000000000000 0.5817661004136582
0.9200000000000000 0.5819828903991182
0.9225000000000000 0.5821984049508703
0.9250000000000000 0.5824121382031215
0.9275000000000000 0.5826233821717856
0.9300000000000000 0.5828311461586786
0.9325000000000000 0.5830340439289835
0.9350000000000001 0.5832301362513128
0.9375000000000000 0.5834167110241096
0.9400000000000001 0.5835899770059404
0.9425000000000000 0.5837446377903993
0.9450000000000001 0.5838733012011142
0.9475000000000000 0.5839656636845811
0.9500000000000001 0.5840073908747271
0.9525000000000000 0.5839785939308550
0.9550000000000001 0.5838517811050332
0.9575000000000000 0.5835891523406415
0.9600000000000000 0.5831391198566783
0.9625000000000000 0.5824320112158988
0.9650000000000000 0.5813750998348336
0.9675000000000000 0.5798474930454023
0.9700000000000000 0.5776960870664919
0.9725000000000000 0.5747348217401740
0.9750000000000000 0.5707506975858826
0.9775000000000000 0.5655208895703303
0.9800000000000000 0.5588446341093193
0.9825000000000000 0.5505898615872282
0.9850000000000000 0.5407471521760294
0.9875000000000000 0.5294746784730195
0.9900000000000000 0.5171131365864722
0.9925000000000000 0.5041555990016585
0.9950000000000000 0.4911743262961584
0.9975000000000001 0.4787261503698192
1.0000000000000000 0.4672674499388286
1.0024999999999999 0.4571030771231301
1.0050000000000001 0.4483765713839939
1.0075000000000001 0.4410929990031158
1.0100000000000000 0.4351583755754718
1.0125000000000000 0.4304209663546644
1.0150000000000001 0.4267054642287028
1.0175000000000001 0.4238368376818135
1.0200000000000000 0.4216544487650101
1.0225000000000000 0.4200187157443209
1.0249999999999999 0.4188128381703437
1.0275000000000001 0.4179416659817051
1.0300000000000000 0.4173291811321815
1.0325000000000000 0.4169155129133710
1.0349999999999999 0.4166540040814101
1.0375000000000001 0.4165085791211386
1.0400000000000000 0.4164515069886812
1.0425000000000000 0.4164615636395575
1.0449999999999999 0.4165225577962480
1.0475000000000001 0.4166221672731005
1.0500000000000000 0.4167510311437885
1.0525000000000000 0.4169020474222931
1.0549999999999999 0.4170698331254788
1.0575000000000001 0.4172503110119572
1.0600000000000001 0.4174403943786969
1.0625000000000000 0.4176377471983072
1.0649999999999999 0.4178406019651084
1.0675000000000001 0.4180476215057032
1.0700000000000001 0.4182577942904966
1.0725000000000000 0.4184703551336483
1.0750000000000000 0.4186847252020995
1.0775000000000001 0.4189004665985808
1.0800000000000001 0.4191172480364261
1.0825000000000000 0.4193348188489906
1.0850000000000000 0.4195529893650374
1.0875000000000001 0.4197716160360334
1.0900000000000001 0.4199905902214885
1.0925000000000000 0.4202098296739115
1.0950000000000000 0.4204292721331716
1.0974999999999999 0.4206488704461160
1.1000000000000001 0.4208685889107322
1.1025000000000000 0.4210884004739006
1.1050000000000000 0.4213082846481366
1.1074999999999999 0.4215282258979463
1.1100000000000001 0.4217482124560639
1.1125000000000000 0.4219682353900805
1.1150000000000000 0.4221882879331685
1.1174999999999999 0.4224083649404667
1.1200000000000001 0.4226284625139413
1.1225000000000001 0.4228485776824826
1.1250000000000000 0.4230687081946803
1.1274999999999999 0.4232888523277288
1.1300000000000001 0.4235090087757601
1.1325000000000001 0.4237291765333031
1.1350000000000000 0.4239493548376526
1.1375000000000000 0.4241695430958837
1.1400000000000001 0.4243897408573947
1.1425000000000001 0.4246099477667605
1.1450000000000000 0.4248301635527320
1.1475000000000000 0.4250503879968003
1.1500000000000001 0.4252706209307648
1.1525000000000001 0.4254908622152043
1.1550000000000000 0.4257111117410841
1.1575000000000000 0.4259313694148003
1.1599999999999999 0.4261516351612487
1.1625000000000001 0.4263719089134818
1.1650000000000000 0.4265921906158098
1.1675000000000000 0.4268124802168923
1.1699999999999999 0.4270327776721138
1.1725000000000001 0.4272530829393526
1.1750000000000000 0.4274733959802858
1.1775000000000000 0.4276937167582999
1.1799999999999999 0.4279140452386373
1.1825000000000001 0.4281343813880208
1.1850000000000001 0.4283547251737161
1.1875000000000000 0.4285750765644992
1.1899999999999999 0.4287954355287972
1.1925000000000001 0.4290158020366702
1.1950000000000001 0.4292361760572339
1.1975000000000000 0.4294565575613648
1.2000000000000000 0.4296769465186157
1.2025000000000001 0.4298973429003877
1.2050000000000001 0.4301177466765422
1.2075000000000000 0.4303381578188247
1.2100000000000000 0.4305585762973356
1.2125000000000001 0.4307790020840568
1.2150000000000001 0.4309994351492900
1.2175000000000000 0.4312198754651903
1.2200000000000000 0.4314403230022325
1.2224999999999999 0.4316607777327176
1.2250000000000001 0.4318812396272683
1.2275000000000000 0.4321017086583216
1.2300000000000000 0.4323221847966253
1.2324999999999999 0.4325426680147541
1.2350000000000001 0.4327631582835608
1.2375000000000000 0.4329836555757656
1.2400000000000000 0.4332041598623048
1.2424999999999999 0.4334246711160565
1.2450000000000001 0.4336451893080231
1.2475000000000001 0.4338657144112463
1.2500000000000000 0.4340862463967897
1.2524999999999999 0.4343067852378549
1.2550000000000001 0.4345273309055697
1.2575000000000001 0.4347478833732827
1.2600000000000000 0.4349684426122024
1.2625000000000000 0.4351890085958004
1.2650000000000001 0.4354095812953904
1.2675000000000001 0.4356301606845364
1.2700000000000000 0.4358507467346869
1.2725000000000000 0.4360713394194656
1.2750000000000001 0.4362919387104874
1.2775000000000001 0.4365125445814023
1.2800000000000000 0.4367331570040195
1.2825000000000000 0.4369537759519869
1.2849999999999999 0.4371744013973343
1.2875000000000001 0.4373950333136798
1.2900000000000000 0.4376156716732955
1.2925000000000000 0.4378363164497530
1.2949999999999999 0.4380569676155754
1.2975000000000001 0.4382776251442771
1.3000000000000000 0.4384982890086414
1.3025000000000000 0.4387189591821180
1.3049999999999999 0.4389396356377512
1.3075000000000001 0.4391603183489237
1.3100000000000001 0.4393810072889424
1.3125000000000000 0.4396017024311199
1.3149999999999999 0.4398224037490262
1.3175000000000001 0.4400431112158983
1.3200000000000001 0.4402638248055762
1.3225000000000000 0.4404845444912125
1.3250000000000000 0.4407052702469219
1.3275000000000001 0.4409260020457655
1.3300000000000001 0.4411467398621409
1.3325000000000000 0.4413674836690059
1.3350000000000000 0.4415882334410485
1.3375000000000001 0.4418089891511177
1.3400000000000001 0.4420297507741917
1.3425000000000000 0.4422505182830123
1.3450000000000000 0.4424712916528409
1.3474999999999999 0.4426920708563212
1.3500000000000001 0.4429128558689804
1.3525000000000000 0.4431336466633872
1.3550000000000000 0.4433544432153038
1.3574999999999999 0.4435752454972581
1.3600000000000001 0.4437960534852040
1.3625000000000000 0.4440168671516749
1.3650000000000000 0.4442376864727652
1.3674999999999999 0.4444585114210686
1.3700000000000001 0.4446793419727587
1.3725000000000001 0.4449001781005483
1.3750000000000000 0.4451210197806300
1.3774999999999999 0.4453418669858952
1.3800000000000001 0.4455627196924980
1.3825000000000001 0.4457835778735549
1.3850000000000000 0.4460044415051406
1.3875000000000000 0.4462253105606306
1.3900000000000001 0.4464461850159903
1.3925000000000001 0.4466670648448751
1.3950000000000000 0.4468879500231263
1.3975000000000000 0.4471088405246839
1.4000000000000001 0.4473297363252661
1.4025000000000001 0.4475506373990875
1.4050000000000000 0.4477715437217590
1.4075000000000000 0.4479924552677458
1.4099999999999999 0.4482133720125775
1.4125000000000001 0.4484342939309375
1.4150000000000000 0.4486552209983116
1.4175000000000000 0.4488761531895579
1.4199999999999999 0.4490970904801590
1.4225000000000001 0.4493180328451076
1.4250000000000000 0.4495389802599212
1.4275000000000000 0.4497599326996879
1.4299999999999999 0.4499808901399950
1.4325000000000001 0.4502018525559914
1.4350000000000001 0.4504228199233654
1.4375000000000000 0.4506437922172978
1.4399999999999999 0.4508647694135997
1.4425000000000001 0.4510857514874655
1.4450000000000001 0.4513067384148385
1.4475000000000000 0.4515277301709238
1.4500000000000000 0.4517487267317953
1.4525000000000001 0.4519697280726671
1.4550000000000001 0.4521907341697407
1.4575000000000000 0.4524117449982489
1.4600000000000000 0.4526327605345051
1.4625000000000001 0.4528537807537743
1.4650000000000001 0.4530748056324636
1.4675000000000000 0.4532958351458926
1.4700000000000000 0.4535168692705373
1.4724999999999999 0.4537379079817929
1.4750000000000001 0.4539589512561800
1.4775000000000000 0.4541799990691966
1.4800000000000000 0.4544010513973773
1.4824999999999999 0.4546221082163495
1.4850000000000001 0.4548431695026359
1.4875000000000000 0.4550642352320180
1.4900000000000000 0.4552853053809810
1.4924999999999999 0.4555063799254814
1.4950000000000001 0.4557274588419463
1.4975000000000001 0.4559485421065254
1.5000000000000000 0.4561696296955702
1.5024999999999999 0.4563907215854359
1.5050000000000001 0.4566118177523905
1.5075000000000001 0.4568329181729931
1.5100000000000000 0.4570540228234335
1.5125000000000000 0.4572751316804655
1.5150000000000001 0.4574962447202144
1.5175000000000001 0.4577173619196024
1.5200000000000000 0.4579384832547241
1.5225000000000000 0.4581596087026307
1.5250000000000001 0.4583807382394279
1.5275000000000001 0.4586018718422473
1.5300000000000000 0.4588230094872562
1.5325000000000000 0.4590441511516117
1.5350000000000001 0.4592652968116005
1.5375000000000001 0.4594864464443431
1.5400000000000000 0.4597076000263048
1.5425000000000000 0.4599287575345137
1.5449999999999999 0.4601499189456620
1.5475000000000001 0.4603710842366402
1.5500000000000000 0.4605922533844072
1.5525000000000000 0.4608134263656817
1.5549999999999999 0.4610346031577111
1.5575000000000001 0.4612557837370284
1.5600000000000001 0.4614769680811762
1.5625000000000000 0.4616981561665000
1.5649999999999999 0.4619193479708298
1.5675000000000001 0.4621405434703383
1.5700000000000001 0.4623617426431187
1.5725000000000000 0.4625829454651996
1.5750000000000000 0.4628041519149041
1.5775000000000001 0.4630253619681520
1.5800000000000001 0.4632465756034546
1.5825000000000000 0.4634677927966669
1.5850000000000000 0.4636890135264413
1.5875000000000001 0.4639102377686142
1.5900000000000001 0.4641314655019327
1.5925000000000000 0.4643526967022584
1.5950000000000000 0.4645739313483873
1.5975000000000001 0.4647951694162504
1.6000000000000001 0.4650164108846496
1.6025000000000000 0.4652376557296246
1.6050000000000000 0.4654589039299442
1.6074999999999999 0.4656801554617904
1.6100000000000001 0.4659014103038682
1.6125000000000000 0.4661226684325312
1.6150000000000000 0.4663439298263885
1.6174999999999999 0.4665651944619943
1.6200000000000001 0.4667864623178347
1.6225000000000001 0.4670077333706889
1.6250000000000000 0.4672290075988941
1.6274999999999999 0.4674502849794784
1.6300000000000001 0.4676715654906063
1.6325000000000001 0.4678928491095756
1.6350000000000000 0.4681141358143593
1.6375000000000000 0.4683354255825379
1.6400000000000001 0.4685567183918825
1.6425000000000001 0.4687780142202609
1.6450000000000000 0.4689993130452421
1.6475000000000000 0.4692206148449733
1.6500000000000001 0.4694419195968358
1.6525000000000001 0.4696632272792342
1.6550000000000000 0.4698845378693862
1.6575000000000000 0.4701058513459241
1.6600000000000001 0.4703271676859383
1.6625000000000001 0.4705484868682432
1.6650000000000000 0.4707698088698500
1.6675000000000000 0.4709911336697053
1.6699999999999999 0.4712124612447904
1.6725000000000001 0.4714337915741319
1.6750000000000000 0.4716551246347326
1.6775000000000000 0.4718764604056476
1.6799999999999999 0.4720977988639490
1.6825000000000001 0.4723191399886768
1.6850000000000001 0.4725404837570075
1.6875000000000000 0.4727618301479348
1.6899999999999999 0.4729831791387649
1.6925000000000001 0.4732045307084256
1.6950000000000001 0.4734258848343630
1.6975000000000000 0.4736472414954351
1.7000000000000000 0.4738686006692243
1.7025000000000001 0.4740899623345264
1.7050000000000001 0.4743113264690455
1.7075000000000000 0.4745326930515354
1.7100000000000000 0.4747540620597935
1.7125000000000001 0.4749754334725639
1.7150000000000001 0.4751968072677012
1.7175000000000000 0.4754181834239769
1.7200000000000000 0.4756395619192617
1.7225000000000001 0.4758609427323965
1.7250000000000001 0.4760823258412235
1.7275000000000000 0.4763037112246955
1.7300000000000000 0.4765250988605861
1.7324999999999999 0.4767464887279954
1.7350000000000001 0.4769678808045945
1.7375000000000000 0.4771892750696603
1.7400000000000000 0.4774106715007346
1.7424999999999999 0.4776320700772914
1.7450000000000001 0.4778534707767275
1.7475000000000001 0.4780748735787240
1.7500000000000000 0.4782962784605260
1.7524999999999999 0.4785176854020202
1.7550000000000001 0.4787390943803090
1.7575000000000001 0.4789605053754676
1.7600000000000000 0.4791819183644749
1.7625000000000000 0.4794033333275718
1.7650000000000001 0.4796247502416410
1.7675000000000001 0.4798461690870540
1.7700000000000000 0.4800675898406331
1.7725000000000000 0.4802890124828438
1.7750000000000001 0.4805104369904856
1.7775000000000001 0.4807318633440764
1.7800000000000000 0.4809532915204348
1.7825000000000000 0.4811747215000874
1.7850000000000001 0.4813961532599124
1.7875000000000001 0.4816175867804086
1.7900000000000000 0.4818390220385463
1.7925000000000000 0.4820604590147602
1.7949999999999999 0.4822818976861499
1.7975000000000001 0.4825033380330516
1.8000000000000000 0.4827247800327210
1.8025000000000000 0.4829462236653714
1.8049999999999999 0.4831676689084363
1.8075000000000001 0.4833891157419852
1.8100000000000001 0.4836105641436477
1.8125000000000000 0.4838320140933312
1.8149999999999999 0.4840534655688769
1.8175000000000001 0.4842749185500150
1.8200000000000001 0.4844963730148099
1.8225000000000000 0.4847178289428057
1.8250000000000000 0.4849392863122941
1.8275000000000001 0.4851607451026294
1.8300000000000001 0.4853822052923329
1.8325000000000000 0.4856036668605678
1.8350000000000000 0.4858251297860814
1.8375000000000001 0.4860465940478516
1.8400000000000001 0.4862680596248406
1.8425000000000000 0.4864895264958566
1.8450000000000000 0.4867109946400567
1.8475000000000001 0.4869324640360976
1.8500000000000001 0.4871539346633124
1.8525000000000000 0.4873754065002270
1.8550000000000000 0.4875968795263235
1.8574999999999999 0.4878183537200274
1.8600000000000001 0.4880398290609375
1.8625000000000000 0.4882613055274078
1.8650000000000000 0.4884827830991262
1.8674999999999999 0.4887042617543996
1.8700000000000001 0.4889257414729816
1.8725000000000001 0.4891472222331520
1.8750000000000000 0.4893687040147130
1.8774999999999999 0.4895901867959286
1.8800000000000001 0.4898116705566395
1.8825000000000001 0.4900331552751021
1.8850000000000000 0.4902546409311893
1.8875000000000000 0.4904761275031484
1.8900000000000001 0.4906976149708926
1.8925000000000001 0.4909191033126469
1.8950000000000000 0.4911405925083773
1.8975000000000000 0.4913620825362721
1.9000000000000001 0.4915835733763643
1.9025000000000001 0.4918050650067919
1.9050000000000000 0.4920265574076650
1.9075000000000000 0.4922480505570602
1.9100000000000001 0.4924695444351750
1.9125000000000001 0.4926910390200162
1.9150000000000000 0.4929125342918712
1.9175000000000000 0.4931340302286774
1.9199999999999999 0.4933555268108054
1.9225000000000001 0.4935770240161362
1.9250000000000000 0.4937985218251035
1.9275000000000000 0.4940200202155539
1.9299999999999999 0.4942415191679588
1.9325000000000001 0.4944630186601586
1.9350000000000001 0.4946845186726276
1.9375000000000000 0.4949060191832387
1.9399999999999999 0.4951275201724279
1.9425000000000001 0.4953490216181389
1.9450000000000001 0.4955705235007305
1.9475000000000000 0.4957920257982568
1.9500000000000000 0.4960135284909596
1.9525000000000001 0.4962350315570369
1.9550000000000001 0.4964565349765838
1.9575000000000000 0.4966780387279692
1.9600000000000000 0.4968995427911151
1.9625000000000001 0.4971210471445807
1.9650000000000001 0.4973425517681025
1.9675000000000000 0.4975640566404346
1.9700000000000000 0.4977855617411298
1.9725000000000001 0.4980070670491257
1.9750000000000001 0.4982285725438055
1.9775000000000000 0.4984500782042732
1.9800000000000000 0.4986715840097433
1.9825000000000002 0.4988930899392361
1.9850000000000001 0.4991145959688958
1.9875000000000000 0.4993361020395183
1.9900000000000000 0.4995576076280647
1.9924999999999999 0.4997791061757803
1.9950000000000001 0.5000005124735418
1.9975000000000001 0.5002207162115340
2.0000000000000000 0.5004252408578768
