0.0000000000000000 0.5006651876744663
0.0025000000000000 0.5008866926651029
0.0050000000000000 0.5011081999609336
0.0075000000000000 0.5013297050855948
0.0100000000000000 0.5015512109959105
0.0125000000000000 0.5017727165935728
0.0150000000000000 0.5019942223853542
0.0175000000000000 0.5022157270335372
0.0200000000000000 0.5024372330177282
0.0225000000000000 0.5026587367670752
0.0250000000000000 0.5028802426075231
0.0275000000000000 0.5031017455861168
0.0300000000000000 0.5033232510341054
0.0325000000000000 0.5035447532838921
0.0350000000000000 0.5037662581595105
0.0375000000000000 0.5039877596270408
0.0400000000000000 0.5042092639443092
0.0425000000000000 0.5044307643173083
0.0450000000000000 0.5046522683714513
0.0475000000000000 0.5048737670653478
0.0500000000000000 0.5050952713942454
0.0525000000000000 0.5053167676193281
0.0550000000000000 0.5055382728745836
0.0575000000000000 0.5057597658592672
0.0600000000000000 0.5059812725000167
0.0625000000000000 0.5062027618428798
0.0650000000000000 0.5064242698077992
0.0675000000000000 0.5066457557326870
0.0700000000000000 0.5068672642913820
0.0725000000000000 0.5070887476750131
0.0750000000000000 0.5073102555266169
0.0775000000000000 0.5075317376730061
0.0800000000000000 0.5077532432886057
0.0825000000000000 0.5079747254963176
0.0850000000000000 0.5081962275961187
0.0875000000000000 0.5084177106959669
0.0900000000000000 0.5086392086322349
0.0925000000000000 0.5088606927358209
0.0950000000000000 0.5090821865788753
0.0975000000000000 0.5093036711607034
0.1000000000000000 0.5095251614721913
0.1025000000000000 0.5097466456931464
0.1050000000000000 0.5099681331652959
0.1075000000000000 0.5101896162128087
0.1100000000000000 0.5104111013960327
0.1125000000000000 0.5106325826636767
0.1150000000000000 0.5108540658856845
0.1175000000000000 0.5110755449700605
0.1200000000000000 0.5112970263989458
0.1225000000000000 0.5115185030054776
0.1250000000000000 0.5117399827499863
0.1275000000000000 0.5119614566048517
0.1300000000000000 0.5121829347794478
0.1325000000000000 0.5124044055907324
0.1350000000000000 0.5126258823285386
0.1375000000000000 0.5128473497951149
0.1400000000000000 0.5130688252209791
0.1425000000000000 0.5132902890723831
0.1450000000000000 0.5135117632539606
0.1475000000000000 0.5137332233036667
0.1500000000000000 0.5139546961978531
0.1525000000000000 0.5141761523926596
0.1550000000000000 0.5143976238046870
0.1575000000000000 0.5146190762533015
0.1600000000000000 0.5148405458240225
0.1625000000000000 0.5150619947918571
0.1650000000000000 0.5152834620222738
0.1675000000000000 0.5155049078883286
0.1700000000000000 0.5157263721996708
0.1725000000000000 0.5159478153831247
0.1750000000000000 0.5161692761992264
0.1775000000000000 0.5163907170735847
0.1800000000000000 0.5166121739045719
0.1825000000000000 0.5168336127216314
0.1850000000000000 0.5170550652274176
0.1875000000000000 0.5172765020698997
0.1900000000000000 0.5174979500889922
0.1925000000000000 0.5177193848608966
0.1950000000000000 0.5179408284015137
0.1975000000000000 0.5181622608532885
0.2000000000000000 0.5183837000549278
0.2025000000000000 0.5186051298313048
0.2050000000000000 0.5188265649114351
0.2075000000000000 0.5190479916063671
0.2100000000000000 0.5192694228071656
0.2125000000000000 0.5194908460128271
0.2150000000000000 0.5197122735582069
0.2175000000000000 0.5199336929010530
0.2200000000000000 0.5201551169676984
0.2225000000000000 0.5203765321307797
0.2250000000000000 0.5205979528316766
0.2275000000000000 0.5208193635662793
0.2300000000000000 0.5210407809428864
0.2325000000000000 0.5212621870734168
0.2350000000000000 0.5214836010930707
0.2375000000000000 0.5217050025177185
0.2400000000000000 0.5219264130747703
0.2425000000000000 0.5221478097624499
0.2450000000000000 0.5223692166834847
0.2475000000000000 0.5225906086661387
0.2500000000000000 0.5228120117204258
0.2525000000000000 0.5230333990796393
0.2550000000000000 0.5232547979954850
0.2575000000000000 0.5234761808433430
0.2600000000000000 0.5236975753296599
0.2625000000000000 0.5239189537853368
0.2650000000000000 0.5241403435561680
0.2675000000000000 0.5243617177211610
0.2700000000000000 0.5245831025197663
0.2725000000000000 0.5248044724554243
0.2750000000000000 0.5250258520742546
0.2775000000000000 0.5252472177850592
0.2800000000000000 0.5254685920785885
0.2825000000000000 0.5256899535036147
0.2850000000000000 0.5259113223923486
0.2875000000000000 0.5261326794057614
0.2900000000000000 0.5263540428713981
0.2925000000000000 0.5265753952912227
0.2950000000000000 0.5267967533644422
0.2975000000000000 0.5270181009675577
0.3000000000000000 0.5272394537109060
0.3025000000000000 0.5274607962515407
0.3050000000000000 0.5276821437402320
0.3075000000000000 0.5279034809691862
0.3100000000000000 0.5281248232724212
0.3125000000000000 0.5283461549546962
0.3150000000000000 0.5285674921194837
0.3175000000000000 0.5287888180486844
0.3200000000000000 0.5290101500874436
0.3225000000000000 0.5292314700960120
0.3250000000000000 0.5294527969785970
0.3275000000000000 0.5296741109434885
0.3300000000000000 0.5298954325938148
0.3325000000000000 0.5301167404376035
0.3350000000000000 0.5303380567347555
0.3375000000000000 0.5305593584223994
0.3400000000000000 0.5307806692058832
0.3425000000000000 0.5310019647375979
0.3450000000000000 0.5312232698161693
0.3475000000000000 0.5314445592170999
0.3500000000000000 0.5316658583803470
0.3525000000000000 0.5318871416880083
0.3550000000000000 0.5321084347195707
0.3575000000000000 0.5323297119702985
0.3600000000000000 0.5325509986613749
0.3625000000000000 0.5327722698772169
0.3650000000000000 0.5329935500388968
0.3675000000000000 0.5332148152163869
0.3700000000000000 0.5334360886894388
0.3725000000000000 0.5336573477914998
0.3750000000000000 0.5338786144525423
0.3775000000000000 0.5340998674043694
0.3800000000000000 0.5343211271678290
0.3825000000000000 0.5345423738570838
0.3850000000000000 0.5347636266728887
0.3875000000000000 0.5349848669539690
0.3900000000000000 0.5352061128014828
0.3925000000000000 0.5354273465031366
0.3950000000000000 0.5356485853822527
0.3975000000000000 0.5358698123174576
0.4000000000000000 0.5360910442380530
0.4025000000000000 0.5363122642149011
0.4050000000000000 0.5365334891859133
0.4075000000000000 0.5367547020182704
0.4100000000000000 0.5369759200375667
0.4125000000000000 0.5371971255544258
0.4150000000000000 0.5374183366004299
0.4175000000000000 0.5376395346531347
0.4200000000000000 0.5378607386788783
0.4225000000000000 0.5380819291456991
0.4250000000000000 0.5383031260756705
0.4275000000000000 0.5385243088635032
0.4300000000000000 0.5387454985933782
0.4325000000000000 0.5389666736366252
0.4350000000000000 0.5391878560356941
0.4375000000000000 0.5394090232926156
0.4400000000000000 0.5396301982085214
0.4425000000000000 0.5398513576555430
0.4450000000000000 0.5400725249207553
0.4475000000000000 0.5402936765453716
0.4500000000000000 0.5405148359847056
0.4525000000000000 0.5407359797777174
0.4550000000000000 0.5409571312161341
0.4575000000000000 0.5411782671639874
0.4600000000000000 0.5413994104339149
0.4625000000000000 0.5416205385118792
0.4650000000000000 0.5418416734593638
0.4675000000000000 0.5420627936261723
0.4700000000000000 0.5422839201153179
0.4725000000000000 0.5425050323097220
0.4750000000000000 0.5427261502250701
0.4775000000000000 0.5429472543645383
0.4800000000000000 0.5431683636112818
0.4825000000000000 0.5433894595928245
0.4850000000000000 0.5436105600949888
0.4875000000000000 0.5438316477978726
0.4900000000000000 0.5440527394948032
0.4925000000000000 0.5442738187847233
0.4950000000000000 0.5444949016263785
0.4975000000000000 0.5447159723605378
0.5000000000000000 0.5449370463021741
0.5025000000000001 0.5451581083346747
0.5050000000000000 0.5453791733315110
0.5075000000000001 0.5456002265184848
0.5100000000000000 0.5458212825208848
0.5125000000000000 0.5460423267248805
0.5150000000000000 0.5462633736744742
0.5175000000000000 0.5464844087677451
0.5200000000000000 0.5467054465947706
0.5225000000000000 0.5469264724612610
0.5250000000000000 0.5471475010832496
0.5275000000000000 0.5473685176192306
0.5300000000000000 0.5475895369410211
0.5325000000000000 0.5478105440544518
0.5350000000000000 0.5480315539693904
0.5375000000000000 0.5482525515782060
0.5400000000000000 0.5484735519702930
0.5425000000000000 0.5486945399998865
0.5450000000000000 0.5489155307465755
0.5475000000000000 0.5491365091267881
0.5500000000000000 0.5493574901021111
0.5525000000000000 0.5495784587640618
0.5550000000000000 0.5497994298417559
0.5575000000000000 0.5500203887148176
0.5600000000000001 0.5502413497711662
0.5625000000000000 0.5504622987803559
0.5650000000000001 0.5506832496965033
0.5675000000000000 0.5509041887604904
0.5700000000000001 0.5511251294240630
0.5725000000000000 0.5513460584539264
0.5750000000000001 0.5515669887598732
0.5775000000000000 0.5517879076586495
0.5800000000000000 0.5520088275092971
0.5825000000000000 0.5522297361722915
0.5850000000000000 0.5524506454766770
0.5875000000000000 0.5526715437924361
0.5900000000000000 0.5528924424650560
0.5925000000000000 0.5531133303168361
0.5950000000000000 0.5533342182759909
0.5975000000000000 0.5535550955435342
0.6000000000000000 0.5537759727094689
0.6025000000000000 0.5539968392708784
0.6050000000000000 0.5542177055639252
0.6075000000000000 0.5544385612974422
0.6100000000000000 0.5546594166363525
0.6125000000000000 0.5548802614218622
0.6150000000000000 0.5551011057224765
0.6175000000000000 0.5553219394426209
0.6200000000000000 0.5555427726169803
0.6225000000000001 0.5557635951577967
0.6250000000000000 0.5559844171137424
0.6275000000000001 0.5562052283648117
0.6300000000000000 0.5564260390060695
0.6325000000000001 0.5566468388601986
0.6350000000000000 0.5568676380868945
0.6375000000000001 0.5570884264394101
0.6400000000000000 0.5573092141489286
0.6425000000000000 0.5575299908966853
0.6450000000000000 0.5577507669847467
0.6475000000000000 0.5579715320249797
0.6500000000000000 0.5581922963868107
0.6525000000000000 0.5584130496159623
0.6550000000000000 0.5586338021474276
0.6575000000000000 0.5588545434600741
0.6600000000000000 0.5590752840586444
0.6625000000000000 0.5592960133466403
0.6650000000000000 0.5595167419121040
0.6675000000000000 0.5597374590640178
0.6700000000000000 0.5599581754988661
0.6725000000000000 0.5601788803997684
0.6750000000000000 0.5603995846092135
0.6775000000000000 0.5606202771408342
0.6800000000000000 0.5608409690324654
0.6825000000000000 0.5610616490737016
0.6850000000000001 0.5612823285568077
0.6875000000000000 0.5615029959845377
0.6900000000000001 0.5617236629691584
0.6925000000000000 0.5619443176592859
0.6950000000000001 0.5621649720550806
0.6975000000000000 0.5623856138837110
0.7000000000000001 0.5626062555987420
0.7025000000000000 0.5628268844433929
0.7050000000000000 0.5630475133829368
0.7075000000000000 0.5632681291236620
0.7100000000000000 0.5634887451891537
0.7125000000000000 0.5637093477094871
0.7150000000000000 0.5639299507976964
0.7175000000000000 0.5641505399853197
0.7200000000000000 0.5643711299878363
0.7225000000000000 0.5645917057349072
0.7250000000000000 0.5648122825379926
0.7275000000000000 0.5650328447410908
0.7300000000000000 0.5652534082259189
0.7325000000000000 0.5654739567856011
0.7350000000000000 0.5656945068288842
0.7375000000000000 0.5659150416488721
0.7400000000000000 0.5661355781238280
0.7425000000000000 0.5663560991098819
0.7450000000000000 0.5665766218874811
0.7475000000000001 0.5667971289460382
0.7500000000000000 0.5670176378964366
0.7525000000000001 0.5672381309331199
0.7550000000000000 0.5674586259271601
0.7575000000000001 0.5676791048452740
0.7600000000000000 0.5678995857559442
0.7625000000000001 0.5681200504550753
0.7650000000000000 0.5683405171588005
0.7675000000000001 0.5685609675336439
0.7700000000000000 0.5687814199112966
0.7725000000000000 0.5690018558508056
0.7750000000000000 0.5692222937883556
0.7775000000000000 0.5694427151752908
0.7800000000000000 0.5696631385640222
0.7825000000000000 0.5698835452749483
0.7850000000000000 0.5701039540112171
0.7875000000000000 0.5703243459169592
0.7900000000000000 0.5705447399014966
0.7925000000000000 0.5707651168680258
0.7950000000000000 0.5709854960048292
0.7975000000000000 0.5712058578945162
0.8000000000000000 0.5714262220893970
0.8025000000000000 0.5716465687625378
0.8050000000000000 0.5718669179214213
0.8075000000000000 0.5720872492379072
0.8100000000000001 0.5723075832649938
0.8125000000000000 0.5725278990859701
0.8150000000000001 0.5727482178818539
0.8175000000000000 0.5729685180711930
0.8200000000000001 0.5731888215310037
0.8225000000000000 0.5734091059563687
0.8250000000000001 0.5736293939679368
0.8275000000000000 0.5738496625011484
0.8300000000000001 0.5740699349430403
0.8325000000000000 0.5742901874593174
0.8350000000000000 0.5745104441983311
0.8375000000000000 0.5747306805736706
0.8400000000000000 0.5749509214608904
0.8425000000000000 0.5751711415662503
0.8450000000000000 0.5753913664298144
0.8475000000000000 0.5756115701195428
0.8500000000000000 0.5758317787504911
0.8525000000000000 0.5760519658400246
0.8550000000000000 0.5762721579641227
0.8575000000000000 0.5764923281872024
0.8600000000000000 0.5767125034088945
0.8625000000000000 0.5769326563351845
0.8650000000000000 0.5771528140266693
0.8675000000000000 0.5773729489023094
0.8700000000000000 0.5775930879850266
0.8725000000000001 0.5778132034227108
0.8750000000000000 0.5780333219382428
0.8775000000000001 0.5782534153130698
0.8800000000000000 0.5784735095820526
0.8825000000000001 0.5786935758516768
0.8850000000000000 0.5789136388266544
0.8875000000000001 0.5791336682246259
0.8900000000000000 0.5793536862654899
0.8925000000000001 0.5795736597885798
0.8950000000000000 0.5797936063502088
0.8975000000000000 0.5800134869260561
0.9000000000000000 0.5802333101998834
0.9025000000000000 0.5804530253944808
0.9050000000000000 0.5806726241085843
0.9075000000000000 0.5808920322614052
0.9100000000000000 0.5811112082838554
0.9125000000000000 0.5813300321752762
0.9150000000000000 0.5815483976706570
0.9175000000000000 0.5817660945769458
0.9200000000000000 0.5819828901247962
0.9225000000000000 0.5821983972562129
0.9250000000000000 0.5824121355762495
0.9275000000000000 0.5826233715098109
0.9300000000000000 0.5828311398817577
0.9325000000000000 0.5830340287952240
0.9350000000000001 0.5832301247020720
0.9375000000000000 0.5834166897889803
0.9400000000000001 0.5835899588385332
0.9425000000000000 0.5837446098430105
0.9450000000000001 0.5838732773220984
0.9475000000000000 0.5839656325959982
0.9500000000000001 0.5840073691324164
0.9525000000000000 0.5839785738047955
0.9550000000000001 0.5838517839187575
0.9575000000000000 0.5835891753784070
0.9600000000000000 0.5831391889995177
0.9625000000000000 0.5824321253751659
0.9650000000000000 0.5813752812945960
0.9675000000000000 0.5798477281088232
0.9700000000000000 0.5776963742958622
0.9725000000000000 0.5747351113858499
0.9750000000000000 0.5707509451517859
0.9775000000000000 0.5655210063333896
0.9800000000000000 0.5588445642395883
0.9825000000000000 0.5505895582004515
0.9850000000000000 0.5407466727441137
0.9875000000000000 0.5294741324661028
0.9900000000000000 0.5171127076023180
0.9925000000000000 0.5041553987715374
0.9950000000000000 0.4911744001906767
0.9975000000000001 0.4787264022575972
1.0000000000000000 0.4672677737536714
1.0024999999999999 0.4571033428885155
1.0050000000000001 0.4483767444366119
1.0075000000000001 0.4410930527527507
1.0100000000000000 0.4351583587871581
1.0125000000000000 0.4304208906699543
1.0150000000000001 0.4267053824800527
1.0175000000000001 0.4238367462704613
1.0200000000000000 0.4216543815060022
1.0225000000000000 0.4200186530397734
1.0249999999999999 0.4188128028640816
1.0275000000000001 0.4179416328579235
1.0300000000000000 0.4173291699519205
1.0325000000000000 0.4169154985366221
1.0349999999999999 0.4166540060544924
1.0375000000000001 0.4165085740660907
1.0400000000000000 0.4164515145068335
1.0425000000000000 0.4164615622833794
1.0449999999999999 0.4165225667395007
1.0475000000000001 0.4166221668848101
1.0500000000000000 0.4167510396246876
1.0525000000000000 0.4169020469332048
1.0549999999999999 0.4170698404308245
1.0575000000000001 0.4172503101752050
1.0600000000000001 0.4174404003315421
1.0625000000000000 0.4176377461222617
1.0649999999999999 0.4178406065926883
1.0675000000000001 0.4180476204234002
1.0700000000000001 0.4182577976684570
1.0725000000000000 0.4184703543004317
1.0750000000000000 0.4186847273899308
1.0775000000000001 0.4189004662536095
1.0800000000000001 0.4191172490564516
1.0825000000000000 0.4193348192060215
1.0850000000000000 0.4195529892002747
1.0875000000000001 0.4197716172860965
1.0900000000000001 0.4199905888203374
1.0925000000000000 0.4202098319917383
1.0950000000000000 0.4204292694154944
1.0974999999999999 0.4206488739968935
1.1000000000000001 0.4208685847731503
1.1025000000000000 0.4210884054191472
1.1050000000000000 0.4213082789679236
1.1074999999999999 0.4215282324002534
1.1100000000000001 0.4217482050936843
1.1125000000000000 0.4219682436168052
1.1150000000000000 0.4221882787337715
1.1174999999999999 0.4224083750665050
1.1200000000000001 0.4226284513081939
1.1225000000000001 0.4228485898922371
1.1250000000000000 0.4230686947992935
1.1274999999999999 0.4232888668163231
1.1300000000000001 0.4235089929940186
1.1325000000000001 0.4237291935070653
1.1350000000000000 0.4239493364601730
1.1375000000000000 0.4241695627721146
1.1400000000000001 0.4243897196632745
1.1425000000000001 0.4246099703727946
1.1450000000000000 0.4248301393111780
1.1475000000000000 0.4250504137684044
1.1500000000000001 0.4252705934032310
1.1525000000000001 0.4254908913943631
1.1550000000000000 0.4257110806838894
1.1575000000000000 0.4259314022469856
1.1599999999999999 0.4261516003286191
1.1625000000000001 0.4263719456445022
1.1650000000000000 0.4265921517632360
1.1675000000000000 0.4268125210894588
1.1699999999999999 0.4270327345599099
1.1725000000000001 0.4272531281894958
1.1750000000000000 0.4274733483772077
1.1775000000000000 0.4276937666117873
1.1799999999999999 0.4279139929254185
1.1825000000000001 0.4281344360569277
1.1850000000000001 0.4283546679463717
1.1875000000000000 0.4285751362440818
1.1899999999999999 0.4287953732015469
1.1925000000000001 0.4290158669026869
1.1950000000000001 0.4292361084649065
1.1975000000000000 0.4294566277679830
1.2000000000000000 0.4296768735184048
1.2025000000000001 0.4298974185787963
1.2050000000000001 0.4301176681490021
1.2075000000000000 0.4303382390766577
1.2100000000000000 0.4305584921465174
1.2125000000000001 0.4307790890057165
1.2150000000000001 0.4309993453019486
1.2175000000000000 0.4312199681131228
1.2200000000000000 0.4314402274060591
1.2224999999999999 0.4316608761496816
1.2250000000000001 0.4318811382481262
1.2275000000000000 0.4321018128706445
1.2300000000000000 0.4323220776148068
1.2324999999999999 0.4325427780365538
1.2350000000000001 0.4327630452891096
1.2375000000000000 0.4329837714140687
1.2400000000000000 0.4332040410494811
1.2424999999999999 0.4334247927767256
1.2450000000000001 0.4336450646690200
1.2475000000000001 0.4338658419055865
1.2500000000000000 0.4340861159148474
1.2524999999999999 0.4343069185897415
1.2550000000000001 0.4345271945476522
1.2575000000000001 0.4347480226266321
1.2600000000000000 0.4349683003214365
1.2625000000000000 0.4351891538221720
1.2650000000000001 0.4354094329834816
1.2675000000000001 0.4356303119906417
1.2700000000000000 0.4358505922745491
1.2725000000000000 0.4360714969543427
1.2750000000000001 0.4362917779293308
1.2775000000000001 0.4365127085430023
1.2800000000000000 0.4367329896771516
1.2825000000000000 0.4369539465929252
1.2849999999999999 0.4371742272429253
1.2875000000000001 0.4373952109458943
1.2900000000000000 0.4376154903483565
1.2925000000000000 0.4378365014478333
1.2949999999999999 0.4380567787133745
1.2975000000000001 0.4382778179472474
1.3000000000000000 0.4384980920577765
1.3025000000000000 0.4387191602934681
1.3049999999999999 0.4389394301030521
1.3075000000000001 0.4391605283347335
1.3100000000000001 0.4393807925743535
1.3125000000000000 0.4396019219161448
1.3149999999999999 0.4398221792025669
1.3175000000000001 0.4400433408775449
1.3200000000000001 0.4402635897264389
1.3225000000000000 0.4404847850513681
1.3250000000000000 0.4407050238947020
1.3275000000000001 0.4409262542605205
1.3300000000000001 0.4411464814681423
1.3325000000000000 0.4413677483163455
1.3350000000000000 0.4415879622215506
1.3375000000000001 0.4418092670167408
1.3400000000000001 0.4420294659454927
1.3425000000000000 0.4422508101444818
1.3450000000000000 0.4424709924478433
1.3474999999999999 0.4426923774658148
1.3500000000000001 0.4429125415550212
1.3525000000000000 0.4431339687293732
1.3550000000000000 0.4433541131128787
1.3574999999999999 0.4435755836654651
1.3600000000000001 0.4437957069871941
1.3625000000000000 0.4440172219857766
1.3650000000000000 0.4442373230637335
1.3674999999999999 0.4444588833835221
1.3700000000000001 0.4446789612478542
1.3725000000000001 0.4449005675340619
1.3750000000000000 0.4451206214636323
1.3774999999999999 0.4453422740959980
1.3800000000000001 0.4455623036525142
1.3825000000000001 0.4457840027127434
1.3850000000000000 0.4460040077715012
1.3875000000000000 0.4462257530145473
1.3900000000000001 0.4464457337908931
1.3925000000000001 0.4466675246209442
1.3950000000000000 0.4468874816916286
1.3975000000000000 0.4471093171435813
1.4000000000000001 0.4473292514622736
1.4025000000000001 0.4475511301893677
1.4050000000000000 0.4477710430957239
1.4075000000000000 0.4479929633638741
1.4099999999999999 0.4482128565856927
1.4125000000000001 0.4484348162749067
1.4150000000000000 0.4486546919230693
1.4175000000000000 0.4488766885361655
1.4199999999999999 0.4490965490922360
1.4225000000000001 0.4493185797708995
1.4250000000000000 0.4495384280674368
1.4275000000000000 0.4497604896154624
1.4299999999999999 0.4499803288092910
1.4325000000000001 0.4502024177226784
1.4350000000000001 0.4504222512615422
1.4375000000000000 0.4506443637649277
1.4399999999999999 0.4508641953481299
1.4425000000000001 0.4510863274368708
1.4450000000000001 0.4513061609706603
1.4475000000000000 0.4515283084577382
1.4500000000000000 0.4517481480063430
1.4525000000000001 0.4519703065731254
1.4550000000000001 0.4521901563064492
1.4575000000000000 0.4524123215562443
1.4600000000000000 0.4526321856953309
1.4625000000000001 0.4528543532086009
1.4650000000000001 0.4530742359700231
1.4675000000000000 0.4532964013600838
1.4700000000000000 0.4535163069004385
1.4724999999999999 0.4537384658684637
1.4750000000000001 0.4539583982301427
1.4775000000000000 0.4541805466183230
1.4800000000000000 0.4544005096776854
1.4824999999999999 0.4546226435194490
1.4850000000000001 0.4548426409384449
1.4875000000000000 0.4550647565047398
1.4900000000000000 0.4552847916869319
1.4924999999999999 0.4555068855276828
1.4950000000000001 0.4557269615794847
1.4975000000000001 0.4559490305594799
1.5000000000000000 0.4561691502572804
1.5024999999999999 0.4563911915858964
1.5050000000000001 0.4566113573495787
1.5075000000000001 0.4568333686039209
1.5100000000000000 0.4570535824771119
1.5125000000000000 0.4572755616183236
1.5150000000000001 0.4574958252555333
1.5175000000000001 0.4577177706381988
1.5200000000000000 0.4579380852988379
1.5225000000000000 0.4581599956735768
1.5250000000000001 0.4583803622226742
1.5275000000000001 0.4586022367321829
1.5300000000000000 0.4588226556474737
1.5325000000000000 0.4590444938164132
1.5350000000000001 0.4592649652013282
1.5375000000000001 0.4594867669205910
1.5400000000000000 0.4597072905225660
1.5425000000000000 0.4599290560285493
1.5449999999999999 0.4601496312619767
1.5475000000000001 0.4603713611115793
1.5500000000000000 0.4605919870846575
1.5525000000000000 0.4608136821267713
1.5549999999999999 0.4610343576714609
1.5575000000000001 0.4612560190157574
1.5600000000000001 0.4614767427200344
1.5625000000000000 0.4616983717038621
1.5649999999999999 0.4619191419454616
1.5675000000000001 0.4621407400996448
1.5700000000000001 0.4623615550805161
1.5725000000000000 0.4625831240948179
1.5750000000000000 0.4628039818755552
1.5775000000000001 0.4630255235645113
1.5800000000000001 0.4632464220980843
1.5825000000000000 0.4634679383678449
1.5850000000000000 0.4636888755320326
1.5875000000000001 0.4639103683487721
1.5900000000000001 0.4641313419767810
1.5925000000000000 0.4643528133371453
1.5950000000000000 0.4645738212459896
1.5975000000000001 0.4647952731499609
1.6000000000000001 0.4650163131662715
1.6025000000000000 0.4652377475927346
1.6050000000000000 0.4654588175757566
1.6074999999999999 0.4656802364609616
1.6100000000000001 0.4659013343225949
1.6125000000000000 0.4661227395416208
1.6150000000000000 0.4663438632634350
1.6174999999999999 0.4665652566146801
1.6200000000000001 0.4667864042619193
1.6225000000000001 0.4670077874545709
1.6250000000000000 0.4672289571872276
1.6274999999999999 0.4674503318315988
1.6300000000000001 0.4676715219126950
1.6325000000000001 0.4678928895132685
1.6350000000000000 0.4681140983145290
1.6375000000000000 0.4683354602655004
1.6400000000000001 0.4685566862706409
1.6425000000000001 0.4687780438537257
1.6450000000000000 0.4689992856596046
1.6475000000000000 0.4692206400438523
1.6500000000000001 0.4694418963597477
1.6525000000000001 0.4696632486030937
1.6550000000000000 0.4698845182483794
1.6575000000000000 0.4701058693006640
1.6600000000000001 0.4703271512011522
1.6625000000000001 0.4705485019083399
1.6650000000000000 0.4707697950915538
1.6675000000000000 0.4709911462008974
1.6699999999999999 0.4712124497905190
1.6725000000000001 0.4714338019564306
1.6750000000000000 0.4716551151661560
1.6775000000000000 0.4718764689565643
1.6799999999999999 0.4720977910835726
1.6825000000000001 0.4723191469865715
1.6850000000000001 0.4725404774047907
1.6875000000000000 0.4727618358354083
1.6899999999999999 0.4729831739887394
1.6925000000000001 0.4732045352956781
1.6950000000000001 0.4734258806913090
1.6975000000000000 0.4736472451635392
1.7000000000000000 0.4738685973654603
1.7025000000000001 0.4740899652385642
1.7050000000000001 0.4743113238613719
1.7075000000000000 0.4745326953235670
1.7100000000000000 0.4747540600266183
1.7125000000000001 0.4749754352244021
1.7150000000000001 0.4751968057063693
1.7175000000000000 0.4754181847497498
1.7200000000000000 0.4756395607436004
1.7225000000000001 0.4758609437108909
1.7250000000000001 0.4760823249793101
1.7275000000000000 0.4763037119214805
1.7300000000000000 0.4765250982527351
1.7324999999999999 0.4767464891973247
1.7350000000000001 0.4769678804015608
1.7375000000000000 0.4771892753561651
1.7400000000000000 0.4774106712621217
1.7424999999999999 0.4776320702174732
1.7450000000000001 0.4778534706695918
1.7475000000000001 0.4780748736022590
1.7500000000000000 0.4782962784581584
1.7524999999999999 0.4785176853328927
1.7550000000000001 0.4787390944611838
1.7575000000000001 0.4789605052329435
1.7600000000000000 0.4791819185113491
1.7625000000000000 0.4794033331270322
1.7650000000000001 0.4796247504407842
1.7675000000000001 0.4798461688407006
1.7700000000000000 0.4800675900811817
1.7725000000000000 0.4802890122002947
1.7750000000000001 0.4805104372638966
1.7775000000000001 0.4807318630328632
1.7800000000000000 0.4809532918200324
1.7825000000000000 0.4811747211660677
1.7850000000000001 0.4813961535805151
1.7875000000000001 0.4816175864281055
1.7900000000000000 0.4818390223761553
1.7925000000000000 0.4820604586476435
1.7949999999999999 0.4822818980377009
1.7975000000000001 0.4825033376537611
1.8000000000000000 0.4827247803958797
1.8025000000000000 0.4829462232759018
1.8049999999999999 0.4831676692814348
1.8075000000000001 0.4833891153438326
1.8100000000000001 0.4836105645251534
1.8125000000000000 0.4838320136876095
1.8149999999999999 0.4840534659578887
1.8175000000000001 0.4842749181375480
1.8200000000000001 0.4844963734105782
1.8225000000000000 0.4847178285241988
1.8250000000000000 0.4849392867142565
1.8275000000000001 0.4851607446783273
1.8300000000000001 0.4853822057000655
1.8325000000000000 0.4856036664308963
1.8350000000000000 0.4858251301992612
1.8375000000000001 0.4860465936130508
1.8400000000000001 0.4862680600432179
1.8425000000000000 0.4864895260561062
1.8450000000000000 0.4867109950634314
1.8475000000000001 0.4869324635915374
1.8500000000000001 0.4871539350915192
1.8525000000000000 0.4873754060509691
1.8550000000000000 0.4875968799592214
1.8574999999999999 0.4878183532661680
1.8600000000000001 0.4880398294983984
1.8625000000000000 0.4882613050690347
1.8650000000000000 0.4884827835410300
1.8674999999999999 0.4887042612915984
1.8700000000000001 0.4889257419192120
1.8725000000000001 0.4891472217660097
1.8750000000000000 0.4893687044651535
1.8774999999999999 0.4895901863245353
1.8800000000000001 0.4898116710111736
1.8825000000000001 0.4900331547995532
1.8850000000000000 0.4902546413896973
1.8875000000000000 0.4904761270235471
1.8900000000000001 0.4906976154332520
1.8925000000000001 0.4909191028291018
1.8950000000000000 0.4911405929744638
1.8975000000000000 0.4913620820488982
1.9000000000000001 0.4915835738460523
1.9025000000000001 0.4918050645157090
1.9050000000000000 0.4920265578808274
1.9075000000000000 0.4922480500623943
1.9100000000000001 0.4924695449116847
1.9125000000000001 0.4926910385218968
1.9150000000000000 0.4929125347716008
1.9175000000000000 0.4931340297272376
1.9199999999999999 0.4933555272936299
1.9225000000000001 0.4935770235115113
1.9250000000000000 0.4937985223108982
1.9275000000000000 0.4940200197078826
1.9299999999999999 0.4942415196566007
1.9325000000000001 0.4944630181495809
1.9350000000000001 0.4946845191639961
1.9375000000000000 0.4949060186698966
1.9399999999999999 0.4951275206664026
1.9425000000000001 0.4953490211021765
1.9450000000000001 0.4955705239971938
1.9475000000000000 0.4957920252798197
1.9500000000000000 0.4960135289897938
1.9525000000000001 0.4962350310362726
1.9550000000000001 0.4964565354776735
1.9575000000000000 0.4966780382050255
1.9600000000000000 0.4968995432943454
1.9625000000000001 0.4971210466196073
1.9650000000000001 0.4973425522733601
1.9675000000000000 0.4975640561135822
1.9700000000000000 0.4977855622483010
1.9725000000000001 0.4980070665205444
1.9750000000000001 0.4982285730527807
1.9775000000000000 0.4984500776741128
1.9800000000000000 0.4986715845204143
1.9825000000000002 0.4988930894076444
1.9850000000000001 0.4991145964811570
1.9875000000000000 0.4993361015066348
1.9900000000000000 0.4995576081417509
1.9924999999999999 0.4997791056411462
1.9950000000000001 0.5000005129835360
1.9975000000000001 0.5002207156429064
2.0000000000000000 0.5004252411802815
