0.0384650000000000
0.0399660000000000
0.0384750000000000
0.0397290000000000
0.0432770000000000
0.0414300000000000
0.0380860000000000
0.0434600000000000
0.0391510000000000
0.0389120000000000
0.0485120000000000
0.0412320000000000
0.0418620000000000
0.0442290000000000
0.0434540000000000
0.0392810000000000
0.0448360000000000
0.0519670000000000
0.0503370000000000
0.0455310000000000
0.0529970000000000
0.0583450000000000
0.0535840000000000
0.0559960000000000
0.0478040000000000
0.0498170000000000
0.0457730000000000
0.0392840000000000
0.0414120000000000
0.0445570000000000
