0.0000000000000000 0.5013301026524477
0.0050000000000000 0.5017725814414570
0.0100000000000000 0.5022150639447708
0.0150000000000000 0.5026575420854519
0.0200000000000000 0.5031000223835521
0.0250000000000000 0.5035424976397926
0.0300000000000000 0.5039849759319055
0.0350000000000000 0.5044274475698146
0.0400000000000000 0.5048699233628475
0.0450000000000000 0.5053123902052475
0.0500000000000000 0.5057548632628577
0.0550000000000000 0.5061973242923024
0.0600000000000000 0.5066397941725737
0.0650000000000000 0.5070822483660499
0.0700000000000000 0.5075247147294818
0.0750000000000000 0.5079671608913380
0.0800000000000000 0.5084096235847921
0.0850000000000000 0.5088520603493873
0.0900000000000000 0.5092945194770637
0.0950000000000000 0.5097369452505535
0.1000000000000000 0.5101794010895938
0.1050000000000000 0.5106218142259632
0.1100000000000000 0.5110642668797847
0.1150000000000000 0.5115066661031518
0.1200000000000000 0.5119491150676009
0.1250000000000000 0.5123914998784610
0.1300000000000000 0.5128339437448383
0.1350000000000000 0.5132763146227148
0.1400000000000000 0.5137187509922366
0.1450000000000000 0.5141611093647116
0.1500000000000000 0.5146035350118433
0.1550000000000000 0.5150458829344460
0.1600000000000000 0.5154882942836517
0.1650000000000000 0.5159306338194644
0.1700000000000000 0.5163730276596361
0.1750000000000000 0.5168153601389984
0.1800000000000000 0.5172577343020163
0.1850000000000000 0.5177000597912765
0.1900000000000000 0.5181424134629641
0.1950000000000000 0.5185847307123074
0.2000000000000000 0.5190270642237467
0.2050000000000000 0.5194693710956501
0.2100000000000000 0.5199116853449034
0.2150000000000000 0.5203539794541118
0.2200000000000000 0.5207962752926676
0.2250000000000000 0.5212385545218929
0.2300000000000000 0.5216808323836167
0.2350000000000000 0.5221230950963861
0.2400000000000000 0.5225653549308669
0.2450000000000000 0.5230075999250499
0.2500000000000000 0.5234498413170544
0.2550000000000000 0.5238920676710590
0.2600000000000000 0.5243342899978402
0.2650000000000000 0.5247764969285831
0.2700000000000000 0.5252186994761284
0.2750000000000000 0.5256608862496402
0.2800000000000000 0.5261030682765571
0.2850000000000000 0.5265452341643941
0.2900000000000000 0.5269873949291980
0.2950000000000000 0.5274295391926757
0.3000000000000000 0.5278716779612034
0.3050000000000000 0.5283137998493433
0.3100000000000000 0.5287559158935119
0.3150000000000000 0.5291980146457446
0.3200000000000000 0.5296401072406413
0.3250000000000000 0.5300821820886080
0.3300000000000000 0.5305242505123232
0.3350000000000000 0.5309663006773210
0.3400000000000000 0.5314083442160517
0.3450000000000000 0.5318503689004952
0.3500000000000000 0.5322923868597751
0.3550000000000000 0.5327343852326687
0.3600000000000000 0.5331763769541232
0.3650000000000000 0.5336183481318583
0.3700000000000000 0.5340603130136896
0.3750000000000000 0.5345022560385162
0.3800000000000000 0.5349441935569451
0.3850000000000000 0.5353861073763325
0.3900000000000000 0.5358280171043207
0.3950000000000000 0.5362699005552675
0.4000000000000000 0.5367117821739859
0.4050000000000000 0.5371536339771008
0.4100000000000000 0.5375954872749741
0.4150000000000000 0.5380373060435439
0.4200000000000000 0.5384791308977004
0.4250000000000000 0.5389209151664756
0.4300000000000000 0.5393627115025943
0.4350000000000000 0.5398044597791583
0.4400000000000000 0.5402462275084202
0.4450000000000000 0.5406879383465067
0.4500000000000000 0.5411296772826450
0.4550000000000000 0.5415713493718928
0.4600000000000000 0.5420130591366220
0.4650000000000000 0.5424546913978610
0.4700000000000000 0.5428963713280838
0.4750000000000000 0.5433379629987702
0.4800000000000000 0.5437796120723684
0.4850000000000000 0.5442211627647853
0.4900000000000000 0.5446627795620050
0.4950000000000000 0.5451042892786020
0.5000000000000000 0.5455458719921720
0.5050000000000000 0.5459873410883327
0.5100000000000000 0.5464288875876803
0.5150000000000000 0.5468703166814600
0.5200000000000000 0.5473118246261445
0.5250000000000000 0.5477532144651706
0.5300000000000000 0.5481946814523039
0.5350000000000000 0.5486360327574038
0.5400000000000000 0.5490774564801342
0.5450000000000000 0.5495187697907519
0.5500000000000000 0.5499601481820261
0.5550000000000000 0.5504014237284823
0.5600000000000001 0.5508427550672430
0.5650000000000001 0.5512839926892207
0.5700000000000001 0.5517252756542183
0.5750000000000001 0.5521664747750072
0.5800000000000000 0.5526077084423909
0.5850000000000000 0.5530488680970381
0.5900000000000000 0.5534900518889228
0.5950000000000000 0.5539311707944251
0.6000000000000000 0.5543723043939788
0.6050000000000000 0.5548133810433927
0.6100000000000000 0.5552544642959013
0.6150000000000000 0.5556954970567355
0.6200000000000000 0.5561365298752420
0.6250000000000000 0.5565775170754433
0.6300000000000000 0.5570184993648933
0.6350000000000000 0.5574594393556030
0.6400000000000000 0.5579003709627601
0.6450000000000000 0.5583412621538638
0.6500000000000000 0.5587821428435243
0.6550000000000000 0.5592229837140235
0.6600000000000000 0.5596638131667326
0.6650000000000000 0.5601046022559383
0.6700000000000000 0.5605453800791927
0.6750000000000000 0.5609861159662466
0.6800000000000000 0.5614268417099672
0.6850000000000001 0.5618675229883643
0.6900000000000001 0.5623081961555034
0.6950000000000001 0.5627488214064997
0.7000000000000001 0.5631894414498906
0.7050000000000000 0.5636300092140610
0.7100000000000000 0.5640705755095474
0.7150000000000000 0.5645110842487803
0.7200000000000000 0.5649515960302829
0.7250000000000000 0.5653920440612833
0.7300000000000000 0.5658325002924448
0.7350000000000000 0.5662728856532609
0.7400000000000000 0.5667132847866150
0.7450000000000000 0.5671536049613912
0.7500000000000000 0.5675939444878778
0.7550000000000000 0.5680341958455593
0.7600000000000000 0.5684744714416543
0.7650000000000000 0.5689146481094679
0.7700000000000000 0.5693548520010656
0.7750000000000000 0.5697949436301323
0.7800000000000000 0.5702350614230740
0.7850000000000000 0.5706750487874913
0.7900000000000000 0.5711150532905562
0.7950000000000000 0.5715548996493617
0.8000000000000000 0.5719947387956432
0.8050000000000000 0.5724343729613038
0.8100000000000001 0.5728739461486833
0.8150000000000001 0.5733132293075518
0.8200000000000001 0.5737523410134612
0.8250000000000001 0.5741910016897810
0.8300000000000001 0.5746292704875087
0.8350000000000000 0.5750667770151598
0.8400000000000000 0.5755034570627482
0.8450000000000000 0.5759387674370993
0.8500000000000000 0.5763723982093313
0.8550000000000000 0.5768034693836682
0.8600000000000000 0.5772311885580368
0.8650000000000000 0.5776540142588469
0.8700000000000000 0.5780702110109228
0.8750000000000000 0.5784769376275765
0.8800000000000000 0.5788706188619446
0.8850000000000000 0.5792458677714127
0.8900000000000000 0.5795955312693535
0.8950000000000000 0.5799092684332383
0.9000000000000000 0.5801730191189582
0.9050000000000000 0.5803669202248308
0.9100000000000000 0.5804637888074000
0.9150000000000000 0.5804258941698541
0.9200000000000000 0.5802019374732439
0.9250000000000000 0.5797222469878540
0.9300000000000000 0.5788941684861799
0.9350000000000001 0.5775964300133718
0.9400000000000001 0.5756753484009375
0.9450000000000001 0.5729435731374068
0.9500000000000001 0.5691863690985470
0.9550000000000001 0.5641784726046375
0.9600000000000000 0.5577166409498534
0.9650000000000000 0.5496666712508754
0.9700000000000000 0.5400185536170966
0.9750000000000000 0.5289319118636925
0.9800000000000000 0.5167513405625120
0.9850000000000000 0.5039752163631215
0.9900000000000000 0.4911812874460362
0.9950000000000000 0.4789302984987145
1.0000000000000000 0.4676803566466652
1.0050000000000001 0.4577356196974207
1.0100000000000000 0.4492374641589523
1.0150000000000001 0.4421879542694151
1.0200000000000000 0.4364903392553731
1.0249999999999999 0.4319904925921974
1.0300000000000000 0.4285116115760226
1.0349999999999999 0.4258776278397285
1.0400000000000000 0.4239276226447933
1.0449999999999999 0.4225218342509539
1.0500000000000000 0.4215437886234952
1.0549999999999999 0.4208984461065773
1.0600000000000001 0.4205102971002193
1.0649999999999999 0.4203195688397535
1.0700000000000001 0.4202801178344074
1.0750000000000000 0.4203558486473078
1.0800000000000001 0.4205195104193382
1.0850000000000000 0.4207497268232062
1.0900000000000001 0.4210307659086442
1.0950000000000000 0.4213500363133640
1.1000000000000001 0.4216986385525581
1.1050000000000000 0.4220691052941962
1.1100000000000001 0.4224565353205356
1.1150000000000000 0.4228564087272585
1.1200000000000001 0.4232661507072144
1.1250000000000000 0.4236829217030117
1.1300000000000001 0.4241054980198815
1.1350000000000000 0.4245319933585330
1.1400000000000001 0.4249619671349074
1.1450000000000000 0.4253940747412152
1.1500000000000001 0.4258283256254799
1.1550000000000000 0.4262636882056042
1.1599999999999999 0.4267004233804947
1.1650000000000000 0.4271376894899485
1.1699999999999999 0.4275758770986078
1.1750000000000000 0.4280142720291847
1.1799999999999999 0.4284533167090039
1.1850000000000001 0.4288923965765823
1.1899999999999999 0.4293319536181907
1.1950000000000001 0.4297714643506123
1.2000000000000000 0.4302113332133734
1.2050000000000001 0.4306511296202600
1.2100000000000000 0.4310911928844870
1.2150000000000001 0.4315311921634782
1.2200000000000000 0.4319713805079085
1.2250000000000001 0.4324115355080352
1.2300000000000000 0.4328518076004978
1.2350000000000001 0.4332920914343835
1.2400000000000000 0.4337324223717660
1.2450000000000001 0.4341728195554969
1.2500000000000000 0.4346131942067978
1.2550000000000001 0.4350536955596329
1.2600000000000000 0.4354941047222146
1.2650000000000001 0.4359347044348507
1.2700000000000000 0.4363751426056574
1.2750000000000001 0.4368158365608346
1.2800000000000000 0.4372563006352617
1.2849999999999999 0.4376970854525494
1.2900000000000000 0.4381375739563423
1.2949999999999999 0.4385784464565116
1.3000000000000000 0.4390189590836306
1.3049999999999999 0.4394599159971581
1.3100000000000001 0.4399004533224141
1.3149999999999999 0.4403414911414027
1.3200000000000001 0.4407820544315516
1.3250000000000000 0.4412231693476007
1.3300000000000001 0.4416637604261335
1.3350000000000000 0.4421049483215842
1.3400000000000001 0.4425455694608171
1.3450000000000000 0.4429868259348863
1.3500000000000001 0.4434274797599199
1.3550000000000000 0.4438688001789486
1.3600000000000001 0.4443094895748808
1.3650000000000000 0.4447508691398685
1.3700000000000001 0.4451915971581136
1.3750000000000000 0.4456330309844808
1.3800000000000001 0.4460738007471037
1.3850000000000000 0.4465152839522412
1.3900000000000001 0.4469560985553392
1.3950000000000000 0.4473976263495754
1.4000000000000001 0.4478384887681635
1.4050000000000000 0.4482800565447344
1.4099999999999999 0.4487209695424115
1.4150000000000000 0.4491625729620823
1.4199999999999999 0.4496035390090547
1.4250000000000000 0.4500451740753429
1.4299999999999999 0.4504861952782220
1.4350000000000001 0.4509278583997378
1.4399999999999999 0.4513689364459901
1.4450000000000001 0.4518106244832238
1.4500000000000000 0.4522517606023401
1.4550000000000001 0.4526934708972073
1.4600000000000000 0.4531346658396708
1.4650000000000001 0.4535763962271968
1.4700000000000000 0.4540176502612910
1.4750000000000001 0.4544593990638701
1.4800000000000000 0.4549007119893642
1.4850000000000001 0.4553424779949913
1.4900000000000000 0.4557838491718711
1.4950000000000001 0.4562256315985351
1.5000000000000000 0.4566670599882636
1.5050000000000001 0.4571088584372694
1.5100000000000000 0.4575503426536011
1.5150000000000001 0.4579921570549292
1.5200000000000000 0.4584336954210881
1.5250000000000001 0.4588755259740050
1.5300000000000000 0.4593171165830405
1.5350000000000001 0.4597589636950594
1.5400000000000000 0.4602006044704054
1.5449999999999999 0.4606424686974078
1.5500000000000000 0.4610841574510372
1.5549999999999999 0.4615260394409308
1.5600000000000001 0.4619677739269740
1.5649999999999999 0.4624096743687563
1.5700000000000001 0.4628514523309932
1.5750000000000000 0.4632933719105318
1.5800000000000001 0.4637351911227180
1.5850000000000000 0.4641771304860183
1.5900000000000001 0.4646189887845344
1.5950000000000000 0.4650609485087629
1.6000000000000001 0.4655028438175436
1.6050000000000000 0.4659448243896426
1.6100000000000001 0.4663867547377356
1.6150000000000000 0.4668287565401187
1.6200000000000001 0.4672707200725194
1.6250000000000000 0.4677127433750867
1.6300000000000001 0.4681547383577044
1.6350000000000000 0.4685967833152524
1.6400000000000001 0.4690388081349782
1.6450000000000000 0.4694808747890068
1.6500000000000001 0.4699229279498916
1.6550000000000000 0.4703650162338038
1.6600000000000001 0.4708070963503320
1.6650000000000000 0.4712492060970758
1.6699999999999999 0.4716913118854402
1.6750000000000000 0.4721334428367350
1.6799999999999999 0.4725755731049139
1.6850000000000001 0.4730177249213270
1.6899999999999999 0.4734598785586318
1.6950000000000001 0.4739020508298998
1.7000000000000000 0.4743442267965309
1.7050000000000001 0.4747864190516574
1.7100000000000000 0.4752286163686725
1.7150000000000001 0.4756708280854592
1.7200000000000000 0.4761130458254376
1.7250000000000001 0.4765552764392189
1.7300000000000000 0.4769975137178013
1.7350000000000001 0.4774397626292498
1.7400000000000000 0.4778820185976456
1.7450000000000001 0.4783242851795935
1.7500000000000000 0.4787665590180764
1.7550000000000001 0.4792088426213581
1.7600000000000000 0.4796511335337243
1.7650000000000001 0.4800934334920877
1.7700000000000000 0.4805357407010089
1.7750000000000001 0.4809780563351725
1.7800000000000000 0.4814203790783605
1.7850000000000001 0.4818627096993097
1.7900000000000000 0.4823050472263941
1.7949999999999999 0.4827473921380151
1.8000000000000000 0.4831897437080332
1.8049999999999999 0.4836321022091847
1.8100000000000001 0.4840744670885877
1.8149999999999999 0.4845168384747036
1.8200000000000001 0.4849592159357893
1.8250000000000000 0.4854015995000973
1.8300000000000001 0.4858439888197879
1.8350000000000000 0.4862863838542197
1.8400000000000001 0.4867287843131167
1.8450000000000000 0.4871711901089731
1.8500000000000001 0.4876136009906290
1.8550000000000000 0.4880560168390541
1.8600000000000001 0.4884984374294128
1.8650000000000000 0.4889408626217217
1.8700000000000001 0.4893832922086875
1.8750000000000000 0.4898257260365819
1.8800000000000001 0.4902681639096859
1.8850000000000000 0.4907106056653869
1.8900000000000001 0.4911530511155256
1.8950000000000000 0.4915955000918447
1.9000000000000001 0.4920379524110715
1.9050000000000000 0.4924804079014367
1.9100000000000001 0.4929228663827921
1.9150000000000000 0.4933653276812419
1.9199999999999999 0.4938077916186117
1.9250000000000000 0.4942502580197651
1.9299999999999999 0.4946927267077586
1.9350000000000001 0.4951351975067700
1.9399999999999999 0.4955776702406108
1.9450000000000001 0.4960201447331133
1.9500000000000000 0.4964626208085408
1.9550000000000001 0.4969050982905793
1.9600000000000000 0.4973475770037306
1.9650000000000001 0.4977900567713424
1.9700000000000000 0.4982325374138797
1.9750000000000001 0.4986750186976477
1.9800000000000000 0.4991174996626466
1.9850000000000001 0.4995599693908803
1.9900000000000000 0.5000022805357999
1.9950000000000001 0.5004424148707192
2.0000000000000000 0.5008526814464296
