0.0000000000000000 0.5013301021212033
0.0050000000000000 0.5017725801754997
0.0100000000000000 0.5022150645571820
0.0150000000000000 0.5026575381281323
0.0200000000000000 0.5031000270215403
0.0250000000000000 0.5035424919721029
0.0300000000000000 0.5039849804395701
0.0350000000000000 0.5044274432116900
0.0400000000000000 0.5048699273306754
0.0450000000000000 0.5053123864913832
0.0500000000000000 0.5057548674537583
0.0550000000000000 0.5061973206850937
0.0600000000000000 0.5066397977701631
0.0650000000000000 0.5070822458539838
0.0700000000000000 0.5075247163323090
0.0750000000000000 0.5079671605983561
0.0800000000000000 0.5084096225311507
0.0850000000000000 0.5088520628180813
0.0900000000000000 0.5092945154194886
0.0950000000000000 0.5097369510010465
0.1000000000000000 0.5101793935654796
0.1050000000000000 0.5106218236153245
0.1100000000000000 0.5110642557614662
0.1150000000000000 0.5115066789626814
0.1200000000000000 0.5119491007460018
0.1250000000000000 0.5123915155906013
0.1300000000000000 0.5128339269907480
0.1350000000000000 0.5132763322320236
0.1400000000000000 0.5137187329154242
0.1450000000000000 0.5141611275871130
0.1500000000000000 0.5146035170125701
0.1550000000000000 0.5150459002946068
0.1600000000000000 0.5154882778220081
0.1650000000000000 0.5159306489630799
0.1700000000000000 0.5163730139049417
0.1750000000000000 0.5168153721792069
0.1800000000000000 0.5172577238316426
0.1850000000000000 0.5177000685140274
0.1900000000000000 0.5181424061691668
0.1950000000000000 0.5185847365305690
0.2000000000000000 0.5190270594764600
0.2050000000000000 0.5194693747870888
0.2100000000000000 0.5199116823066419
0.2150000000000000 0.5203539818382089
0.2200000000000000 0.5207962732104053
0.2250000000000000 0.5212385562361793
0.2300000000000000 0.5216808307377420
0.2350000000000000 0.5221230965317971
0.2400000000000000 0.5225653534380527
0.2450000000000000 0.5230076012743125
0.2500000000000000 0.5234498398591446
0.2550000000000000 0.5238920690103024
0.2600000000000000 0.5243342885455056
0.2650000000000000 0.5247764982819089
0.2700000000000000 0.5252186980363253
0.2750000000000000 0.5256608876250308
0.2800000000000000 0.5261030668638490
0.2850000000000000 0.5265452355680893
0.2900000000000000 0.5269873935526065
0.2950000000000000 0.5274295406318161
0.3000000000000000 0.5278716766197512
0.3050000000000000 0.5283138013301057
0.3100000000000000 0.5287559145762970
0.3150000000000000 0.5291980161714955
0.3200000000000000 0.5296401059286755
0.3250000000000000 0.5300821836606210
0.3300000000000000 0.5305242491799409
0.3350000000000000 0.5309663022990566
0.3400000000000000 0.5314083428301825
0.3450000000000000 0.5318503705852881
0.3500000000000000 0.5322923853760658
0.3550000000000000 0.5327343870138880
0.3600000000000000 0.5331763753097589
0.3650000000000000 0.5336183500742835
0.3700000000000000 0.5340603111176212
0.3750000000000000 0.5345022582494707
0.3800000000000000 0.5349441912790324
0.3850000000000000 0.5353861100150067
0.3900000000000000 0.5358280142655695
0.3950000000000000 0.5362699038383844
0.4000000000000000 0.5367117785405837
0.4050000000000000 0.5371536381787967
0.4100000000000000 0.5375954825591259
0.4150000000000000 0.5380373114871848
0.4200000000000000 0.5384791247680792
0.4250000000000000 0.5389209222064375
0.4300000000000000 0.5393627036063995
0.4350000000000000 0.5398044687716295
0.4400000000000000 0.5402462175053223
0.4450000000000000 0.5406879496101895
0.4500000000000000 0.5411296648884778
0.4550000000000000 0.5415713631419440
0.4600000000000000 0.5420130441718639
0.4650000000000000 0.5424547077790132
0.4700000000000000 0.5428963537636605
0.4750000000000000 0.5433379819255588
0.4800000000000000 0.5437795920639263
0.4850000000000000 0.5442211839774419
0.4900000000000000 0.5446627574642213
0.4950000000000000 0.5451043123218182
0.5000000000000000 0.5455458483472029
0.5050000000000000 0.5459873653367548
0.5100000000000000 0.5464288630862574
0.5150000000000000 0.5468703413908838
0.5200000000000000 0.5473118000451911
0.5250000000000000 0.5477532388431184
0.5300000000000000 0.5481946575779754
0.5350000000000000 0.5486360560424413
0.5400000000000000 0.5490774340285549
0.5450000000000000 0.5495187913277145
0.5500000000000000 0.5499601277306684
0.5550000000000000 0.5504014430275121
0.5600000000000001 0.5508427370076724
0.5650000000000001 0.5512840094599172
0.5700000000000001 0.5517252601723227
0.5750000000000001 0.5521664889322894
0.5800000000000000 0.5526076955265118
0.5850000000000000 0.5530488797409786
0.5900000000000000 0.5534900413609574
0.5950000000000000 0.5539311801709824
0.6000000000000000 0.5543722959548417
0.6050000000000000 0.5548133884955614
0.6100000000000000 0.5552544575753956
0.6150000000000000 0.5556955029758036
0.6200000000000000 0.5561365244774353
0.6250000000000000 0.5565775218601093
0.6300000000000000 0.5570184949027864
0.6350000000000000 0.5574594433835368
0.6400000000000000 0.5579003670795019
0.6450000000000000 0.5583412657668432
0.6500000000000000 0.5587821392206643
0.6550000000000000 0.5592229872149286
0.6600000000000000 0.5596638095223219
0.6650000000000000 0.5601046059140797
0.6700000000000000 0.5605453761597504
0.6750000000000000 0.5609861200268538
0.6800000000000000 0.5614268372804265
0.6850000000000001 0.5618675276823737
0.6900000000000001 0.5623081909905826
0.6950000000000001 0.5627488269576760
0.7000000000000001 0.5631894353292852
0.7050000000000000 0.5636300158416377
0.7100000000000000 0.5640705682181911
0.7150000000000000 0.5645110921649484
0.7200000000000000 0.5649515873638938
0.7250000000000000 0.5653920534638633
0.7300000000000000 0.5658324900677528
0.7350000000000000 0.5662728967146888
0.7400000000000000 0.5667132728550811
0.7450000000000000 0.5671536178157845
0.7500000000000000 0.5675939307513820
0.7550000000000000 0.5680342105760926
0.7600000000000000 0.5684744558685484
0.7650000000000000 0.5689146647386298
0.7700000000000000 0.5693548346412247
0.7750000000000000 0.5697949621156639
0.7800000000000000 0.5702350424212146
0.7850000000000000 0.5706750690269877
0.7900000000000000 0.5711150328981192
0.7950000000000000 0.5715549214966669
0.8000000000000000 0.5719947173830486
0.8050000000000000 0.5724343962580942
0.8100000000000001 0.5728739242216241
0.8150000000000001 0.5733132539336934
0.8200000000000001 0.5737523192386424
0.8250000000000001 0.5741910276358451
0.8300000000000001 0.5746292497337956
0.8350000000000000 0.5750668044781978
0.8400000000000000 0.5755034384600962
0.8450000000000000 0.5759387969320729
0.8500000000000000 0.5763723832127072
0.8550000000000000 0.5768035018358979
0.8600000000000000 0.5772311789572565
0.8650000000000000 0.5776540509657689
0.8700000000000000 0.5780702086990162
0.8750000000000000 0.5784769797715121
0.8800000000000000 0.5788706248478411
0.8850000000000000 0.5792459146765432
0.8900000000000000 0.5795955427413089
0.8950000000000000 0.5799093129453907
0.9000000000000000 0.5801730226624532
0.9050000000000000 0.5803669396436955
0.9100000000000000 0.5804637499184702
0.9150000000000000 0.5804258410626421
0.9200000000000000 0.5802017982482194
0.9250000000000000 0.5797220622089378
0.9300000000000000 0.5788938852974997
0.9350000000000001 0.5775961093806674
0.9400000000000001 0.5756749783932086
0.9450000000000001 0.5729432451801794
0.9500000000000001 0.5691860991778789
0.9550000000000001 0.5641783536413704
0.9600000000000000 0.5577166839861089
0.9650000000000000 0.5496669409614432
0.9700000000000000 0.5400190012158647
0.9750000000000000 0.5289324792336894
0.9800000000000000 0.5167518351098694
0.9850000000000000 0.5039755072020703
0.9900000000000000 0.4911812694244914
0.9950000000000000 0.4789300588767545
1.0000000000000000 0.4676800039215683
1.0050000000000001 0.4577353311710750
1.0100000000000000 0.4492372867892799
1.0150000000000001 0.4421879387245534
1.0200000000000000 0.4364904081914083
1.0249999999999999 0.4319906430093373
1.0300000000000000 0.4285117492698168
1.0349999999999999 0.4258777834329633
1.0400000000000000 0.4239277188778078
1.0449999999999999 0.4225219407623478
1.0500000000000000 0.4215438272673167
1.0549999999999999 0.4208985120783302
1.0600000000000001 0.4205102949839264
1.0649999999999999 0.4203196145493526
1.0700000000000001 0.4202800917044454
1.0750000000000000 0.4203558886546556
1.0800000000000001 0.4205194701558040
1.0850000000000000 0.4207497689275859
1.0900000000000001 0.4210307162889500
1.0950000000000000 0.4213500839994313
1.1000000000000001 0.4216985817569251
1.1050000000000000 0.4220691596920703
1.1100000000000001 0.4224564725203738
1.1150000000000000 0.4228564696853637
1.1200000000000001 0.4232660828712235
1.1250000000000000 0.4236829883079740
1.1300000000000001 0.4241054262727741
1.1350000000000000 0.4245320641897803
1.1400000000000001 0.4249618928855292
1.1450000000000000 0.4253941480154863
1.1500000000000001 0.4258282505769157
1.1550000000000000 0.4262637618818890
1.1599999999999999 0.4267003494791207
1.1650000000000000 0.4271377613629031
1.1699999999999999 0.4275758064530011
1.1750000000000000 0.4280143398194278
1.1799999999999999 0.4284532514972437
1.1850000000000001 0.4288924580177896
1.1899999999999999 0.4293318959954708
1.1950000000000001 0.4297715172702451
1.2000000000000000 0.4302112852276619
1.2050000000000001 0.4306511720104038
1.2100000000000000 0.4310911564048923
1.2150000000000001 0.4315312222391552
1.2200000000000000 0.4319713571680172
1.2250000000000001 0.4324115517517361
1.2300000000000000 0.4328517987570685
1.2350000000000001 0.4332920926269088
1.2400000000000000 0.4337324290777854
1.2450000000000001 0.4341728047942814
1.2500000000000000 0.4346132171970178
1.2550000000000001 0.4350536642664222
1.2600000000000000 0.4354941444088561
1.2650000000000001 0.4359346563548822
1.2700000000000000 0.4363751990819442
1.2750000000000001 0.4368157717555831
1.2800000000000000 0.4372563736847374
1.2849999999999999 0.4376970042877376
1.2900000000000000 0.4381376630664400
1.2949999999999999 0.4385783495865377
1.3000000000000000 0.4390190634625705
1.3049999999999999 0.4394598043465155
1.3100000000000001 0.4399005719190916
1.3149999999999999 0.4403413658831370
1.3200000000000001 0.4407821859585576
1.3250000000000000 0.4412230318784810
1.3300000000000001 0.4416639033863148
1.3350000000000000 0.4421048002335102
1.3400000000000001 0.4425457221778456
1.3450000000000000 0.4429866689821212
1.3500000000000001 0.4434276404131588
1.3550000000000000 0.4438686362410366
1.3600000000000001 0.4443096562384997
1.3650000000000000 0.4447507001805150
1.3700000000000001 0.4451917678439208
1.3750000000000000 0.4456328590071654
1.3800000000000001 0.4460739734500948
1.3850000000000000 0.4465151109538031
1.3900000000000001 0.4469562713004992
1.3950000000000000 0.4473974542734180
1.4000000000000001 0.4478386596567395
1.4050000000000000 0.4482798872355314
1.4099999999999999 0.4487211367957024
1.4150000000000000 0.4491624081239596
1.4199999999999999 0.4496037010077824
1.4250000000000000 0.4500450152353933
1.4299999999999999 0.4504863505957353
1.4350000000000001 0.4509277068784593
1.4399999999999999 0.4513690838739010
1.4450000000000001 0.4518104813730707
1.4500000000000000 0.4522518991676414
1.4550000000000001 0.4526933370499354
1.4600000000000000 0.4531347948129151
1.4650000000000001 0.4535762722501718
1.4700000000000000 0.4540177691559198
1.4750000000000001 0.4544592853249819
1.4800000000000000 0.4549008205527875
1.4850000000000001 0.4553423746353588
1.4900000000000000 0.4557839473693075
1.4950000000000001 0.4562255385518213
1.5000000000000000 0.4566671479806657
1.5050000000000001 0.4571087754541611
1.5100000000000000 0.4575504207711950
1.5150000000000001 0.4579920837311953
1.5200000000000000 0.4584337641341407
1.5250000000000001 0.4588754617805356
1.5300000000000000 0.4593171764714219
1.5350000000000001 0.4597589080083537
1.5400000000000000 0.4602006561934062
1.5449999999999999 0.4606424208291563
1.5500000000000000 0.4610842017186839
1.5549999999999999 0.4615259986655615
1.5600000000000001 0.4619678114738465
1.5649999999999999 0.4624096399480797
1.5700000000000001 0.4628514838932697
1.5750000000000000 0.4632933431148976
1.5800000000000001 0.4637352174188978
1.5850000000000000 0.4641771066116642
1.5900000000000001 0.4646190105000326
1.5950000000000000 0.4650609288912818
1.6000000000000001 0.4655028615931232
1.6050000000000000 0.4659448084136965
1.6100000000000001 0.4663867691615628
1.6150000000000000 0.4668287436456960
1.6200000000000001 0.4672707316754819
1.6250000000000000 0.4677127330607049
1.6300000000000001 0.4681547476115495
1.6350000000000000 0.4685967751385871
1.6400000000000001 0.4690388154527758
1.6450000000000000 0.4694808683654483
1.6500000000000001 0.4699229336883141
1.6550000000000000 0.4703650112334436
1.6600000000000001 0.4708071008132707
1.6650000000000000 0.4712492022405815
1.6699999999999999 0.4716913153285123
1.6750000000000000 0.4721334398905394
1.6799999999999999 0.4725755757404790
1.6850000000000001 0.4730177226924744
1.6899999999999999 0.4734598805609974
1.6950000000000001 0.4739020491608369
1.7000000000000000 0.4743442283070971
1.7050000000000001 0.4747864178151899
1.7100000000000000 0.4752286175008295
1.7150000000000001 0.4756708271800278
1.7200000000000000 0.4761130466690869
1.7250000000000001 0.4765552757845966
1.7300000000000000 0.4769975143434251
1.7350000000000001 0.4774397621627171
1.7400000000000000 0.4778820190598858
1.7450000000000001 0.4783242848526093
1.7500000000000000 0.4787665593588239
1.7550000000000001 0.4792088423967196
1.7600000000000000 0.4796511337847325
1.7650000000000001 0.4800934333415448
1.7700000000000000 0.4805357408860710
1.7750000000000001 0.4809780562374632
1.7800000000000000 0.4814203792150951
1.7850000000000001 0.4818627096385650
1.7900000000000000 0.4823050473276856
1.7949999999999999 0.4827473921024816
1.8000000000000000 0.4831897437831815
1.8049999999999999 0.4836321021902167
1.8100000000000001 0.4840744671442114
1.8149999999999999 0.4845168384659816
1.8200000000000001 0.4849592159765261
1.8250000000000000 0.4854015994970256
1.8300000000000001 0.4858439888488335
1.8350000000000000 0.4862863838534731
1.8400000000000001 0.4867287843326322
1.8450000000000000 0.4871711901081570
1.8500000000000001 0.4876136010020473
1.8550000000000000 0.4880560168364531
1.8600000000000001 0.4884984374336661
1.8650000000000000 0.4889408626161176
1.8700000000000001 0.4893832922063728
1.8750000000000000 0.4898257260271242
1.8800000000000001 0.4902681639011878
1.8850000000000000 0.4907106056514980
1.8900000000000001 0.4911530511011026
1.8950000000000000 0.4915955000731562
1.9000000000000001 0.4920379523909179
1.9050000000000000 0.4924804078777434
1.9100000000000001 0.4929228663570817
1.9150000000000000 0.4933653276524697
1.9199999999999999 0.4938077915875262
1.9250000000000000 0.4942502579859501
1.9299999999999999 0.4946927266715089
1.9350000000000001 0.4951351974680423
1.9399999999999999 0.4955776701994478
1.9450000000000001 0.4960201446896848
1.9500000000000000 0.4964626207627621
1.9550000000000001 0.4969050982427364
1.9600000000000000 0.4973475769536840
1.9650000000000001 0.4977900567194358
1.9700000000000000 0.4982325373599626
1.9750000000000001 0.4986750186420928
1.9800000000000000 0.4991174996053321
1.9850000000000001 0.4995599693336185
1.9900000000000000 0.5000022804909208
1.9950000000000001 0.5004424150124530
2.0000000000000000 0.5008526830019602
