0.00000000 0.50005789
0.01980198 0.50596889
0.03960396 0.51187830
0.05940594 0.51778443
0.07920792 0.52368559
0.09900990 0.52958006
0.11881188 0.53546612
0.13861386 0.54134198
0.15841584 0.54720584
0.17821782 0.55305584
0.19801980 0.55889007
0.21782178 0.56470655
0.23762376 0.57050322
0.25742574 0.57627794
0.27722772 0.58202849
0.29702970 0.58775251
0.31683168 0.59344753
0.33663366 0.59911094
0.35643564 0.60473995
0.37623762 0.61033161
0.39603960 0.61588274
0.41584158 0.62138993
0.43564356 0.62684950
0.45544554 0.63225744
0.47524752 0.63760941
0.49504950 0.64290060
0.51485149 0.64812576
0.53465347 0.65327901
0.55445545 0.65835382
0.57425743 0.66334282
0.59405941 0.66823764
0.61386139 0.67302868
0.63366337 0.67770481
0.65346535 0.68225291
0.67326733 0.68665732
0.69306931 0.69089888
0.71287129 0.69495354
0.73267327 0.69879012
0.75247525 0.70236630
0.77227723 0.70562165
0.79207921 0.70846423
0.81188119 0.71074469
0.83168317 0.71220483
0.85148515 0.71237630
0.87128713 0.71039048
0.89108911 0.70466500
0.91089109 0.69253601
0.93069307 0.67024114
0.95049505 0.63409187
0.97029703 0.58320975
0.99009901 0.52202879
1.00990099 0.45941213
1.02970297 0.40424874
1.04950495 0.36147751
1.06930693 0.33152017
1.08910891 0.31215451
1.10891089 0.30050347
1.12871287 0.29409287
1.14851485 0.29112875
1.16831683 0.29041688
1.18811881 0.29119480
1.20792079 0.29298344
1.22772277 0.29548151
1.24752475 0.29849704
1.26732673 0.30190499
1.28712871 0.30562159
1.30693069 0.30958884
1.32673267 0.31376513
1.34653465 0.31811962
1.36633663 0.32262863
1.38613861 0.32727347
1.40594059 0.33203900
1.42574257 0.33691267
1.44554455 0.34188388
1.46534653 0.34694354
1.48514851 0.35208378
1.50495050 0.35729763
1.52475248 0.36257896
1.54455446 0.36792224
1.56435644 0.37332252
1.58415842 0.37877529
1.60396040 0.38427642
1.62376238 0.38982214
1.64356436 0.39540895
1.66336634 0.40103362
1.68316832 0.40669313
1.70297030 0.41238466
1.72277228 0.41810554
1.74257426 0.42385329
1.76237624 0.42962550
1.78217822 0.43541994
1.80198020 0.44123443
1.82178218 0.44706692
1.84158416 0.45291539
1.86138614 0.45877793
1.88118812 0.46465267
1.90099010 0.47053779
1.92079208 0.47643151
1.94059406 0.48233209
1.96039604 0.48823781
1.98019802 0.49414697
