0.0340900000000000
0.0383230000000000
0.0359940000000000
0.0345790000000000
0.0343310000000000
0.0514720000000000
0.0435940000000000
0.0408780000000000
0.0478480000000000
0.0490170000000000
0.0401010000000000
0.0358010000000000
0.0358470000000000
0.0446690000000000
0.0467060000000000
0.0383470000000000
0.0355930000000000
0.0424000000000000
0.0441110000000000
0.0415390000000000
0.0334510000000000
0.0430220000000000
0.0440040000000000
0.0493790000000000
0.0499330000000000
0.0476630000000000
0.0422230000000000
0.0567940000000000
0.0505630000000000
0.0416550000000000
