0.0000000000000000 0.5026588072360512
0.0100000000000000 0.5035415324284019
0.0200000000000000 0.5044242735878380
0.0300000000000000 0.5053069850587054
0.0400000000000000 0.5061897129224897
0.0500000000000000 0.5070723988323694
0.0600000000000000 0.5079551040068846
0.0700000000000000 0.5088377633647342
0.0800000000000000 0.5097204381636933
0.0900000000000000 0.5106030672077621
0.1000000000000000 0.5114857013446551
0.1100000000000000 0.5123682959742614
0.1200000000000000 0.5132508835367245
0.1300000000000000 0.5141334345256061
0.1400000000000000 0.5150159720216230
0.1500000000000000 0.5158984713012357
0.1600000000000000 0.5167809528294488
0.1700000000000000 0.5176633941797530
0.1800000000000000 0.5185458128933687
0.1900000000000000 0.5194281902019496
0.2000000000000000 0.5203105394422338
0.2100000000000000 0.5211928461376751
0.2200000000000000 0.5220751196011059
0.2300000000000000 0.5229573487911877
0.2400000000000000 0.5238395402043831
0.2500000000000000 0.5247216850327174
0.2600000000000000 0.5256037879173951
0.2700000000000000 0.5264858416391106
0.2800000000000000 0.5273678493693973
0.2900000000000000 0.5282498052372510
0.3000000000000000 0.5291317111413277
0.3100000000000000 0.5300135623371267
0.3200000000000000 0.5308953597102410
0.3300000000000000 0.5317770993524857
0.3400000000000000 0.5326587814212981
0.3500000000000000 0.5335404025833705
0.3600000000000000 0.5344219624808401
0.3700000000000000 0.5353034581817909
0.3800000000000000 0.5361848889407357
0.3900000000000000 0.5370662521170588
0.4000000000000000 0.5379475466598581
0.4100000000000000 0.5388287701318919
0.4200000000000000 0.5397099212388767
0.4300000000000000 0.5405909976649451
0.4400000000000000 0.5414719979113034
0.4500000000000000 0.5423529197048930
0.4600000000000000 0.5432337613451991
0.4700000000000000 0.5441145205154598
0.4800000000000000 0.5449951952659484
0.4900000000000000 0.5458757831119697
0.5000000000000000 0.5467562817302736
0.5100000000000000 0.5476366882534277
0.5200000000000000 0.5485169997227108
0.5300000000000000 0.5493972124889481
0.5400000000000000 0.5502773224317021
0.5500000000000000 0.5511573243586612
0.5600000000000001 0.5520372119474931
0.5700000000000001 0.5529169769902784
0.5800000000000000 0.5537966089209573
0.5900000000000000 0.5546760936486411
0.6000000000000000 0.5555554123644891
0.6100000000000000 0.5564345394918538
0.6200000000000000 0.5573134401468446
0.6300000000000000 0.5581920662979600
0.6400000000000000 0.5590703516340565
0.6500000000000000 0.5599482041628838
0.6600000000000000 0.5608254960227268
0.6700000000000000 0.5617020490455796
0.6800000000000000 0.5625776146535494
0.6900000000000001 0.5634518455557084
0.7000000000000001 0.5643242561592567
0.7100000000000000 0.5651941669697929
0.7200000000000000 0.5660606267055495
0.7300000000000000 0.5669223030561064
0.7400000000000000 0.5677773296769267
0.7500000000000000 0.5686230919341313
0.7600000000000000 0.5694559273473034
0.7700000000000000 0.5702707074377493
0.7800000000000000 0.5710602556538411
0.7900000000000000 0.5718145401659930
0.8000000000000000 0.5725195607327453
0.8100000000000001 0.5731558259637251
0.8200000000000001 0.5736962945251284
0.8300000000000001 0.5741036388818582
0.8400000000000000 0.5743267004920246
0.8500000000000000 0.5742960741708354
0.8600000000000000 0.5739189449686387
0.8700000000000000 0.5730736920414574
0.8800000000000000 0.5716054783098832
0.8900000000000000 0.5693251274117143
0.9000000000000000 0.5660149184907818
0.9100000000000000 0.5614459150849090
0.9200000000000000 0.5554108238155321
0.9300000000000000 0.5477724895114762
0.9400000000000001 0.5385202426687088
0.9500000000000001 0.5278167687782461
0.9600000000000000 0.5160132438553032
0.9700000000000000 0.5036170011112527
0.9800000000000000 0.4912143962864349
0.9900000000000000 0.4793722298730321
1.0000000000000000 0.4685505112184699
1.0100000000000000 0.4590515978519598
1.0200000000000000 0.4510124190135294
1.0300000000000000 0.4444298747243783
1.0400000000000000 0.4392023354279180
1.0500000000000000 0.4351721060599252
1.0600000000000001 0.4321599309261928
1.0700000000000001 0.4299886347514177
1.0800000000000001 0.4284968028680584
1.0900000000000001 0.4275449805714511
1.1000000000000001 0.4270170110545551
1.1100000000000001 0.4268186236249100
1.1200000000000001 0.4268747328330295
1.1300000000000001 0.4271263478820851
1.1400000000000001 0.4275275861050710
1.1500000000000001 0.4280430225980910
1.1599999999999999 0.4286454541320515
1.1699999999999999 0.4293140731855410
1.1799999999999999 0.4300330095082676
1.1899999999999999 0.4307901830884477
1.2000000000000000 0.4315764118778694
1.2100000000000000 0.4323847231395205
1.2200000000000000 0.4332098249624327
1.2300000000000000 0.4340477023517356
1.2400000000000000 0.4348953094364307
1.2500000000000000 0.4357503354119266
1.2600000000000000 0.4366110268127814
1.2700000000000000 0.4374760526917342
1.2800000000000000 0.4383444024113468
1.2900000000000000 0.4392153081877508
1.3000000000000000 0.4400881864019115
1.3100000000000001 0.4409625931316802
1.3200000000000001 0.4418381904553996
1.3300000000000001 0.4427147209130211
1.3400000000000001 0.4435919881449361
1.3500000000000001 0.4444698422096425
1.3600000000000001 0.4453481684456763
1.3700000000000001 0.4462268790190193
1.3800000000000001 0.4471059065058863
1.3900000000000001 0.4479851990186932
1.4000000000000001 0.4488647165024591
1.4099999999999999 0.4497444279192814
1.4199999999999999 0.4506243091069212
1.4299999999999999 0.4515043411493038
1.4399999999999999 0.4523845091359384
1.4500000000000000 0.4532648012169505
1.4600000000000000 0.4541452078829042
1.4700000000000000 0.4550257214156513
1.4800000000000000 0.4559063354693549
1.4900000000000000 0.4567870447506504
1.5000000000000000 0.4576678447743430
1.5100000000000000 0.4585487316766855
1.5200000000000000 0.4594297020725755
1.5300000000000000 0.4603107529462676
1.5400000000000000 0.4611918815676738
1.5500000000000000 0.4620730854282140
1.5600000000000001 0.4629543621916045
1.5700000000000001 0.4638357096560779
1.5800000000000001 0.4647171257253422
1.5900000000000001 0.4655986083862362
1.6000000000000001 0.4664801556915116
1.6100000000000001 0.4673617657465483
1.6200000000000001 0.4682434366990793
1.6300000000000001 0.4691251667312352
1.6400000000000001 0.4700069540533592
1.6500000000000001 0.4708887968991914
1.6600000000000001 0.4717706935221002
1.6699999999999999 0.4726526421921222
1.6799999999999999 0.4735346411936237
1.6899999999999999 0.4744166888234410
1.7000000000000000 0.4752987833893913
1.7100000000000000 0.4761809232090675
1.7200000000000000 0.4770631066088551
1.7300000000000000 0.4779453319231171
1.7400000000000000 0.4788275974935151
1.7500000000000000 0.4797099016684275
1.7600000000000000 0.4805922428024528
1.7700000000000000 0.4814746192559698
1.7800000000000000 0.4823570293947508
1.7900000000000000 0.4832394715896076
1.8000000000000000 0.4841219442160713
1.8100000000000001 0.4850044456540923
1.8200000000000001 0.4858869742877604
1.8300000000000001 0.4867695285050376
1.8400000000000001 0.4876521066975039
1.8500000000000001 0.4885347072601105
1.8600000000000001 0.4894173285909421
1.8700000000000001 0.4902999690909824
1.8800000000000001 0.4911826271638872
1.8900000000000001 0.4920653012157579
1.9000000000000001 0.4929479896549218
1.9100000000000001 0.4938306908917089
1.9199999999999999 0.4947134033382207
1.9299999999999999 0.4955961254078616
1.9399999999999999 0.4964788555113795
1.9500000000000000 0.4973615920003647
1.9600000000000000 0.4982443323198685
1.9700000000000000 0.4991270602369469
1.9800000000000000 0.5000095529129968
1.9900000000000000 0.5008884615147745
2.0000000000000000 0.5017130679565515
