0.0000000000000000 0.5026588062198970
0.0100000000000000 0.5035415407038087
0.0200000000000000 0.5044242708419778
0.0300000000000000 0.5053069900325363
0.0400000000000000 0.5061897053492868
0.0500000000000000 0.5070724066335501
0.0600000000000000 0.5079550974270770
0.0700000000000000 0.5088377723498698
0.0800000000000000 0.5097204324173138
0.0900000000000000 0.5106030741008862
0.1000000000000000 0.5114856976528563
0.1100000000000000 0.5123683001879783
0.1200000000000000 0.5132508810633453
0.1300000000000000 0.5141334380215675
0.1400000000000000 0.5150159698577897
0.1500000000000000 0.5158984746540032
0.1600000000000000 0.5167809509840252
0.1700000000000000 0.5176633971075131
0.1800000000000000 0.5185458114841673
0.1900000000000000 0.5194281924506318
0.2000000000000000 0.5203105384111290
0.2100000000000000 0.5211928477202612
0.2200000000000000 0.5220751187546340
0.2300000000000000 0.5229573498658505
0.2400000000000000 0.5238395394107493
0.2500000000000000 0.5247216857303542
0.2600000000000000 0.5256037871639259
0.2700000000000000 0.5264858420395040
0.2800000000000000 0.5273678486809702
0.2900000000000000 0.5282498054039695
0.3000000000000000 0.5291317105192374
0.3100000000000000 0.5300135623306178
0.3200000000000000 0.5308953591360581
0.3300000000000000 0.5317770992261684
0.3400000000000000 0.5326587808838744
0.3500000000000000 0.5335404023830584
0.3600000000000000 0.5344219619875799
0.3700000000000000 0.5353034579498918
0.3800000000000000 0.5361848885096954
0.3900000000000000 0.5370662518922816
0.4000000000000000 0.5379475463065453
0.4100000000000000 0.5388287699423850
0.4200000000000000 0.5397099209672286
0.4300000000000000 0.5405909975212446
0.4400000000000000 0.5414719977107029
0.4500000000000000 0.5423529195987381
0.4600000000000000 0.5432337611924835
0.4700000000000000 0.5441145204251566
0.4800000000000000 0.5449951951311335
0.4900000000000000 0.5458757830112475
0.5000000000000000 0.5467562815844781
0.5100000000000000 0.5476366881206526
0.5200000000000000 0.5485169995466305
0.5300000000000000 0.5493972123154599
0.5400000000000000 0.5502773222237580
0.5500000000000000 0.5511573241567541
0.5600000000000001 0.5520372117321273
0.5700000000000001 0.5529169768023341
0.5800000000000000 0.5537966087589212
0.5900000000000000 0.5546760935597447
0.6000000000000000 0.5555554123682716
0.6100000000000000 0.5564345396497038
0.6200000000000000 0.5573134405062324
0.6300000000000000 0.5581920669462340
0.6400000000000000 0.5590703526593218
0.6500000000000000 0.5599482056967727
0.6600000000000000 0.5608254982147857
0.6700000000000000 0.5617020520984183
0.6800000000000000 0.5625776188074324
0.6900000000000001 0.5634518511169679
0.7000000000000001 0.5643242634893204
0.7100000000000000 0.5651941765020229
0.7200000000000000 0.5660606389253221
0.7300000000000000 0.5669223184882342
0.7400000000000000 0.5677773488251722
0.7500000000000000 0.5686231151941220
0.7600000000000000 0.5694559548373326
0.7700000000000000 0.5702707387446093
0.7800000000000000 0.5710602894334059
0.7900000000000000 0.5718145735827449
0.8000000000000000 0.5725195887021667
0.8100000000000001 0.5731558402458401
0.8200000000000001 0.5736962828074019
0.8300000000000001 0.5741035842341528
0.8400000000000000 0.5743265819197462
0.8500000000000000 0.5742958694966129
0.8600000000000000 0.5739186376769045
0.8700000000000000 0.5730732834719706
0.8800000000000000 0.5716050044195518
0.8900000000000000 0.5693246738941448
0.9000000000000000 0.5660146200023577
0.9100000000000000 0.5614459203242176
0.9200000000000000 0.5554112210946116
0.9300000000000000 0.5477732237519402
0.9400000000000001 0.5385210913586933
0.9500000000000001 0.5278174291424241
0.9600000000000000 0.5160134957525873
0.9700000000000000 0.5036168259890564
0.9800000000000000 0.4912139596559106
0.9900000000000000 0.4793717569965720
1.0000000000000000 0.4685501655407392
1.0100000000000000 0.4590514364204328
1.0200000000000000 0.4510124174288900
1.0300000000000000 0.4444299746299846
1.0400000000000000 0.4392024799487788
1.0500000000000000 0.4351722549695635
1.0600000000000001 0.4321600619103623
1.0700000000000001 0.4299887389340634
1.0800000000000001 0.4284968795673740
1.0900000000000001 0.4275450332108232
1.1000000000000001 0.4270170445301493
1.1100000000000001 0.4268186428439490
1.1200000000000001 0.4268747420357149
1.1300000000000001 0.4271263504265758
1.1400000000000001 0.4275275844933558
1.1500000000000001 0.4280430186054778
1.1599999999999999 0.4286454489638797
1.1699999999999999 0.4293140676237714
1.1799999999999999 0.4300330040333341
1.1899999999999999 0.4307901779736732
1.2000000000000000 0.4315764072592094
1.2100000000000000 0.4323847190652416
1.2200000000000000 0.4332098214274517
1.2300000000000000 0.4340476993207107
1.2400000000000000 0.4348953068588468
1.2500000000000000 0.4357503332316316
1.2600000000000000 0.4366110249737570
1.2700000000000000 0.4374760511413655
1.2800000000000000 0.4383444011020719
1.2900000000000000 0.4392153070776928
1.3000000000000000 0.4400881854548966
1.3100000000000001 0.4409625923169079
1.3200000000000001 0.4418381897469371
1.3300000000000001 0.4427147202892296
1.3400000000000001 0.4435919875878969
1.3500000000000001 0.4444698417046140
1.3600000000000001 0.4453481679806065
1.3700000000000001 0.4462268785841167
1.3800000000000001 0.4471059060932512
1.3900000000000001 0.4479851986220055
1.4000000000000001 0.4488647161167146
1.4099999999999999 0.4497444275405744
1.4199999999999999 0.4506243087322641
1.4299999999999999 0.4515043407764753
1.4399999999999999 0.4523845087633622
1.4500000000000000 0.4532648008435887
1.4600000000000000 0.4541452075081746
1.4700000000000000 0.4550257210393521
1.4800000000000000 0.4559063350916038
1.4900000000000000 0.4567870443718311
1.5000000000000000 0.4576678443950584
1.5100000000000000 0.4585487312977156
1.5200000000000000 0.4594297016948418
1.5300000000000000 0.4603107525707982
1.5400000000000000 0.4611918811955734
1.5500000000000000 0.4620730850606367
1.5600000000000001 0.4629543618297278
1.5700000000000001 0.4638357093010798
1.5800000000000001 0.4647171253783796
1.5900000000000001 0.4655986080484276
1.6000000000000001 0.4664801553639197
1.6100000000000001 0.4673617654301653
1.6200000000000001 0.4682434363948169
1.6300000000000001 0.4691251664399125
1.6400000000000001 0.4700069537756969
1.6500000000000001 0.4708887966358061
1.6600000000000001 0.4717706932735017
1.6699999999999999 0.4726526419587127
1.6799999999999999 0.4735346409756986
1.6899999999999999 0.4744166886211914
1.7000000000000000 0.4752987832029095
1.7100000000000000 0.4761809230383521
1.7200000000000000 0.4770631064538178
1.7300000000000000 0.4779453317835919
1.7400000000000000 0.4788275973692655
1.7500000000000000 0.4797099015591568
1.7600000000000000 0.4805922427078120
1.7700000000000000 0.4814746191755681
1.7800000000000000 0.4823570293281633
1.7900000000000000 0.4832394715363847
1.8000000000000000 0.4841219441757462
1.8100000000000001 0.4850044456261874
1.8200000000000001 0.4858869742717941
1.8300000000000001 0.4867695285005285
1.8400000000000001 0.4876521067039759
1.8500000000000001 0.4885347072770956
1.8600000000000001 0.4894173286179807
1.8700000000000001 0.4902999691276275
1.8800000000000001 0.4911826272097002
1.8900000000000001 0.4920653012703117
1.9000000000000001 0.4929479897177962
1.9100000000000001 0.4938306909624904
1.9199999999999999 0.4947134034164978
1.9299999999999999 0.4955961254932239
1.9399999999999999 0.4964788556034085
1.9500000000000000 0.4973615920985962
1.9600000000000000 0.4982443324233743
1.9700000000000000 0.4991270603378014
1.9800000000000000 0.5000095529234004
1.9900000000000000 0.5008884602926110
2.0000000000000000 0.5017130582690011
