0.00000000 0.50000021
0.00124922 0.50038132
0.00249844 0.50076243
0.00374766 0.50114355
0.00499688 0.50152465
0.00624610 0.50190576
0.00749532 0.50228687
0.00874453 0.50266797
0.00999375 0.50304907
0.01124297 0.50343017
0.01249219 0.50381127
0.01374141 0.50419236
0.01499063 0.50457345
0.01623985 0.50495453
0.01748907 0.50533561
0.01873829 0.50571668
0.01998751 0.50609775
0.02123673 0.50647882
0.02248595 0.50685987
0.02373517 0.50724093
0.02498438 0.50762197
0.02623360 0.50800301
0.02748282 0.50838404
0.02873204 0.50876506
0.02998126 0.50914608
0.03123048 0.50952708
0.03247970 0.50990808
0.03372892 0.51028907
0.03497814 0.51067005
0.03622736 0.51105101
0.03747658 0.51143197
0.03872580 0.51181292
0.03997502 0.51219386
0.04122423 0.51257479
0.04247345 0.51295570
0.04372267 0.51333660
0.04497189 0.51371749
0.04622111 0.51409837
0.04747033 0.51447924
0.04871955 0.51486009
0.04996877 0.51524092
0.05121799 0.51562175
0.05246721 0.51600256
0.05371643 0.51638335
0.05496565 0.51676413
0.05621487 0.51714489
0.05746408 0.51752564
0.05871330 0.51790637
0.05996252 0.51828709
0.06121174 0.51866779
0.06246096 0.51904847
0.06371018 0.51942913
0.06495940 0.51980978
0.06620862 0.52019041
0.06745784 0.52057102
0.06870706 0.52095161
0.06995628 0.52133218
0.07120550 0.52171273
0.07245472 0.52209326
0.07370394 0.52247377
0.07495315 0.52285426
0.07620237 0.52323472
0.07745159 0.52361517
0.07870081 0.52399560
0.07995003 0.52437600
0.08119925 0.52475638
0.08244847 0.52513674
0.08369769 0.52551707
0.08494691 0.52589738
0.08619613 0.52627767
0.08744535 0.52665793
0.08869457 0.52703816
0.08994379 0.52741838
0.09119300 0.52779856
0.09244222 0.52817872
0.09369144 0.52855886
0.09494066 0.52893896
0.09618988 0.52931905
0.09743910 0.52969910
0.09868832 0.53007913
0.09993754 0.53045912
0.10118676 0.53083909
0.10243598 0.53121903
0.10368520 0.53159895
0.10493442 0.53197883
0.10618364 0.53235868
0.10743285 0.53273850
0.10868207 0.53311829
0.10993129 0.53349805
0.11118051 0.53387778
0.11242973 0.53425748
0.11367895 0.53463715
0.11492817 0.53501678
0.11617739 0.53539638
0.11742661 0.53577595
0.11867583 0.53615548
0.11992505 0.53653498
0.12117427 0.53691445
0.12242349 0.53729388
0.12367270 0.53767328
0.12492192 0.53805264
0.12617114 0.53843196
0.12742036 0.53881125
0.12866958 0.53919050
0.12991880 0.53956972
0.13116802 0.53994890
0.13241724 0.54032804
0.13366646 0.54070714
0.13491568 0.54108621
0.13616490 0.54146523
0.13741412 0.54184422
0.13866334 0.54222317
0.13991255 0.54260207
0.14116177 0.54298094
0.14241099 0.54335977
0.14366021 0.54373855
0.14490943 0.54411730
0.14615865 0.54449600
0.14740787 0.54487466
0.14865709 0.54525328
0.14990631 0.54563186
0.15115553 0.54601039
0.15240475 0.54638888
0.15365397 0.54676732
0.15490319 0.54714572
0.15615240 0.54752408
0.15740162 0.54790239
0.15865084 0.54828065
0.15990006 0.54865887
0.16114928 0.54903704
0.16239850 0.54941517
0.16364772 0.54979324
0.16489694 0.55017127
0.16614616 0.55054926
0.16739538 0.55092719
0.16864460 0.55130508
0.16989382 0.55168292
0.17114304 0.55206070
0.17239225 0.55243844
0.17364147 0.55281613
0.17489069 0.55319376
0.17613991 0.55357135
0.17738913 0.55394889
0.17863835 0.55432637
0.17988757 0.55470380
0.18113679 0.55508118
0.18238601 0.55545850
0.18363523 0.55583577
0.18488445 0.55621299
0.18613367 0.55659015
0.18738289 0.55696726
0.18863210 0.55734432
0.18988132 0.55772132
0.19113054 0.55809826
0.19237976 0.55847515
0.19362898 0.55885198
0.19487820 0.55922875
0.19612742 0.55960546
0.19737664 0.55998212
0.19862586 0.56035872
0.19987508 0.56073526
0.20112430 0.56111174
0.20237352 0.56148817
0.20362274 0.56186453
0.20487196 0.56224083
0.20612117 0.56261707
0.20737039 0.56299326
0.20861961 0.56336937
0.20986883 0.56374543
0.21111805 0.56412143
0.21236727 0.56449736
0.21361649 0.56487323
0.21486571 0.56524903
0.21611493 0.56562478
0.21736415 0.56600045
0.21861337 0.56637607
0.21986259 0.56675161
0.22111181 0.56712709
0.22236102 0.56750251
0.22361024 0.56787786
0.22485946 0.56825314
0.22610868 0.56862836
0.22735790 0.56900350
0.22860712 0.56937858
0.22985634 0.56975359
0.23110556 0.57012853
0.23235478 0.57050340
0.23360400 0.57087821
0.23485322 0.57125294
0.23610244 0.57162760
0.23735166 0.57200219
0.23860087 0.57237670
0.23985009 0.57275115
0.24109931 0.57312552
0.24234853 0.57349982
0.24359775 0.57387405
0.24484697 0.57424820
0.24609619 0.57462228
0.24734541 0.57499628
0.24859463 0.57537021
0.24984385 0.57574407
0.25109307 0.57611784
0.25234229 0.57649154
0.25359151 0.57686517
0.25484072 0.57723871
0.25608994 0.57761218
0.25733916 0.57798557
0.25858838 0.57835888
0.25983760 0.57873212
0.26108682 0.57910527
0.26233604 0.57947834
0.26358526 0.57985133
0.26483448 0.58022424
0.26608370 0.58059707
0.26733292 0.58096982
0.26858214 0.58134249
0.26983136 0.58171507
0.27108057 0.58208757
0.27232979 0.58245998
0.27357901 0.58283231
0.27482823 0.58320456
0.27607745 0.58357672
0.27732667 0.58394880
0.27857589 0.58432079
0.27982511 0.58469269
0.28107433 0.58506451
0.28232355 0.58543623
0.28357277 0.58580787
0.28482199 0.58617943
0.28607121 0.58655089
0.28732042 0.58692226
0.28856964 0.58729355
0.28981886 0.58766474
0.29106808 0.58803584
0.29231730 0.58840685
0.29356652 0.58877777
0.29481574 0.58914860
0.29606496 0.58951933
0.29731418 0.58988997
0.29856340 0.59026052
0.29981262 0.59063097
0.30106184 0.59100133
0.30231106 0.59137159
0.30356027 0.59174176
0.30480949 0.59211183
0.30605871 0.59248180
0.30730793 0.59285168
0.30855715 0.59322146
0.30980637 0.59359114
0.31105559 0.59396072
0.31230481 0.59433021
0.31355403 0.59469959
0.31480325 0.59506887
0.31605247 0.59543805
0.31730169 0.59580713
0.31855091 0.59617611
0.31980012 0.59654499
0.32104934 0.59691376
0.32229856 0.59728243
0.32354778 0.59765100
0.32479700 0.59801946
0.32604622 0.59838782
0.32729544 0.59875607
0.32854466 0.59912421
0.32979388 0.59949225
0.33104310 0.59986018
0.33229232 0.60022801
0.33354154 0.60059572
0.33479076 0.60096333
0.33603998 0.60133083
0.33728919 0.60169822
0.33853841 0.60206550
0.33978763 0.60243266
0.34103685 0.60279972
0.34228607 0.60316666
0.34353529 0.60353349
0.34478451 0.60390021
0.34603373 0.60426682
0.34728295 0.60463331
0.34853217 0.60499969
0.34978139 0.60536595
0.35103061 0.60573209
0.35227983 0.60609812
0.35352904 0.60646404
0.35477826 0.60682983
0.35602748 0.60719551
0.35727670 0.60756107
0.35852592 0.60792650
0.35977514 0.60829182
0.36102436 0.60865702
0.36227358 0.60902210
0.36352280 0.60938706
0.36477202 0.60975189
0.36602124 0.61011661
0.36727046 0.61048120
0.36851968 0.61084566
0.36976889 0.61121000
0.37101811 0.61157422
0.37226733 0.61193831
0.37351655 0.61230227
0.37476577 0.61266611
0.37601499 0.61302982
0.37726421 0.61339340
0.37851343 0.61375686
0.37976265 0.61412018
0.38101187 0.61448338
0.38226109 0.61484644
0.38351031 0.61520938
0.38475953 0.61557218
0.38600874 0.61593485
0.38725796 0.61629739
0.38850718 0.61665979
0.38975640 0.61702206
0.39100562 0.61738420
0.39225484 0.61774620
0.39350406 0.61810806
0.39475328 0.61846979
0.39600250 0.61883138
0.39725172 0.61919283
0.39850094 0.61955414
0.39975016 0.61991532
0.40099938 0.62027635
0.40224859 0.62063725
0.40349781 0.62099800
0.40474703 0.62135862
0.40599625 0.62171909
0.40724547 0.62207941
0.40849469 0.62243960
0.40974391 0.62279963
0.41099313 0.62315953
0.41224235 0.62351928
0.41349157 0.62387888
0.41474079 0.62423833
0.41599001 0.62459764
0.41723923 0.62495680
0.41848844 0.62531581
0.41973766 0.62567467
0.42098688 0.62603338
0.42223610 0.62639194
0.42348532 0.62675035
0.42473454 0.62710860
0.42598376 0.62746671
0.42723298 0.62782465
0.42848220 0.62818245
0.42973142 0.62854009
0.43098064 0.62889757
0.43222986 0.62925489
0.43347908 0.62961206
0.43472829 0.62996907
0.43597751 0.63032592
0.43722673 0.63068262
0.43847595 0.63103915
0.43972517 0.63139552
0.44097439 0.63175173
0.44222361 0.63210777
0.44347283 0.63246366
0.44472205 0.63281938
0.44597127 0.63317493
0.44722049 0.63353032
0.44846971 0.63388555
0.44971893 0.63424060
0.45096814 0.63459549
0.45221736 0.63495021
0.45346658 0.63530476
0.45471580 0.63565915
0.45596502 0.63601336
0.45721424 0.63636740
0.45846346 0.63672126
0.45971268 0.63707496
0.46096190 0.63742848
0.46221112 0.63778182
0.46346034 0.63813499
0.46470956 0.63848799
0.46595878 0.63884080
0.46720800 0.63919344
0.46845721 0.63954590
0.46970643 0.63989818
0.47095565 0.64025028
0.47220487 0.64060220
0.47345409 0.64095394
0.47470331 0.64130550
0.47595253 0.64165687
0.47720175 0.64200806
0.47845097 0.64235906
0.47970019 0.64270988
0.48094941 0.64306051
0.48219863 0.64341095
0.48344785 0.64376120
0.48469706 0.64411127
0.48594628 0.64446114
0.48719550 0.64481082
0.48844472 0.64516031
0.48969394 0.64550961
0.49094316 0.64585872
0.49219238 0.64620763
0.49344160 0.64655634
0.49469082 0.64690486
0.49594004 0.64725318
0.49718926 0.64760130
0.49843848 0.64794923
0.49968770 0.64829695
0.50093691 0.64864447
0.50218613 0.64899179
0.50343535 0.64933891
0.50468457 0.64968583
0.50593379 0.65003254
0.50718301 0.65037904
0.50843223 0.65072534
0.50968145 0.65107143
0.51093067 0.65141731
0.51217989 0.65176299
0.51342911 0.65210845
0.51467833 0.65245370
0.51592755 0.65279874
0.51717676 0.65314357
0.51842598 0.65348818
0.51967520 0.65383258
0.52092442 0.65417676
0.52217364 0.65452073
0.52342286 0.65486448
0.52467208 0.65520800
0.52592130 0.65555131
0.52717052 0.65589440
0.52841974 0.65623726
0.52966896 0.65657991
0.53091818 0.65692232
0.53216740 0.65726452
0.53341661 0.65760648
0.53466583 0.65794822
0.53591505 0.65828974
0.53716427 0.65863102
0.53841349 0.65897207
0.53966271 0.65931289
0.54091193 0.65965348
0.54216115 0.65999384
0.54341037 0.66033396
0.54465959 0.66067384
0.54590881 0.66101349
0.54715803 0.66135290
0.54840725 0.66169207
0.54965646 0.66203100
0.55090568 0.66236969
0.55215490 0.66270814
0.55340412 0.66304634
0.55465334 0.66338430
0.55590256 0.66372201
0.55715178 0.66405948
0.55840100 0.66439670
0.55965022 0.66473367
0.56089944 0.66507039
0.56214866 0.66540686
0.56339788 0.66574307
0.56464710 0.66607903
0.56589631 0.66641474
0.56714553 0.66675019
0.56839475 0.66708538
0.56964397 0.66742032
0.57089319 0.66775499
0.57214241 0.66808941
0.57339163 0.66842356
0.57464085 0.66875744
0.57589007 0.66909107
0.57713929 0.66942442
0.57838851 0.66975751
0.57963773 0.67009033
0.58088695 0.67042288
0.58213616 0.67075516
0.58338538 0.67108717
0.58463460 0.67141890
0.58588382 0.67175036
0.58713304 0.67208154
0.58838226 0.67241244
0.58963148 0.67274307
0.59088070 0.67307341
0.59212992 0.67340347
0.59337914 0.67373325
0.59462836 0.67406275
0.59587758 0.67439196
0.59712680 0.67472088
0.59837601 0.67504951
0.59962523 0.67537786
0.60087445 0.67570591
0.60212367 0.67603367
0.60337289 0.67636113
0.60462211 0.67668830
0.60587133 0.67701517
0.60712055 0.67734175
0.60836977 0.67766802
0.60961899 0.67799399
0.61086821 0.67831966
0.61211743 0.67864503
0.61336665 0.67897008
0.61461587 0.67929483
0.61586508 0.67961928
0.61711430 0.67994341
0.61836352 0.68026723
0.61961274 0.68059073
0.62086196 0.68091393
0.62211118 0.68123680
0.62336040 0.68155936
0.62460962 0.68188159
0.62585884 0.68220351
0.62710806 0.68252510
0.62835728 0.68284637
0.62960650 0.68316731
0.63085572 0.68348792
0.63210493 0.68380820
0.63335415 0.68412816
0.63460337 0.68444778
0.63585259 0.68476706
0.63710181 0.68508601
0.63835103 0.68540462
0.63960025 0.68572289
0.64084947 0.68604082
0.64209869 0.68635840
0.64334791 0.68667565
0.64459713 0.68699254
0.64584635 0.68730909
0.64709557 0.68762528
0.64834478 0.68794113
0.64959400 0.68825662
0.65084322 0.68857175
0.65209244 0.68888653
0.65334166 0.68920095
0.65459088 0.68951500
0.65584010 0.68982869
0.65708932 0.69014202
0.65833854 0.69045498
0.65958776 0.69076758
0.66083698 0.69107980
0.66208620 0.69139165
0.66333542 0.69170312
0.66458463 0.69201422
0.66583385 0.69232494
0.66708307 0.69263528
0.66833229 0.69294523
0.66958151 0.69325481
0.67083073 0.69356399
0.67207995 0.69387279
0.67332917 0.69418119
0.67457839 0.69448920
0.67582761 0.69479682
0.67707683 0.69510404
0.67832605 0.69541086
0.67957527 0.69571728
0.68082448 0.69602330
0.68207370 0.69632891
0.68332292 0.69663411
0.68457214 0.69693890
0.68582136 0.69724328
0.68707058 0.69754725
0.68831980 0.69785080
0.68956902 0.69815392
0.69081824 0.69845663
0.69206746 0.69875891
0.69331668 0.69906077
0.69456590 0.69936220
0.69581512 0.69966320
0.69706433 0.69996376
0.69831355 0.70026389
0.69956277 0.70056358
0.70081199 0.70086283
0.70206121 0.70116164
0.70331043 0.70146000
0.70455965 0.70175791
0.70580887 0.70205538
0.70705809 0.70235239
0.70830731 0.70264894
0.70955653 0.70294503
0.71080575 0.70324067
0.71205497 0.70353584
0.71330418 0.70383054
0.71455340 0.70412478
0.71580262 0.70441854
0.71705184 0.70471183
0.71830106 0.70500464
0.71955028 0.70529698
0.72079950 0.70558883
0.72204872 0.70588019
0.72329794 0.70617107
0.72454716 0.70646145
0.72579638 0.70675134
0.72704560 0.70704074
0.72829482 0.70732963
0.72954403 0.70761802
0.73079325 0.70790590
0.73204247 0.70819328
0.73329169 0.70848014
0.73454091 0.70876649
0.73579013 0.70905232
0.73703935 0.70933763
0.73828857 0.70962242
0.73953779 0.70990668
0.74078701 0.71019040
0.74203623 0.71047360
0.74328545 0.71075625
0.74453467 0.71103837
0.74578389 0.71131994
0.74703310 0.71160096
0.74828232 0.71188144
0.74953154 0.71216136
0.75078076 0.71244072
0.75202998 0.71271952
0.75327920 0.71299776
0.75452842 0.71327543
0.75577764 0.71355252
0.75702686 0.71382905
0.75827608 0.71410499
0.75952530 0.71438035
0.76077452 0.71465512
0.76202374 0.71492931
0.76327295 0.71520290
0.76452217 0.71547589
0.76577139 0.71574828
0.76702061 0.71602007
0.76826983 0.71629125
0.76951905 0.71656181
0.77076827 0.71683176
0.77201749 0.71710109
0.77326671 0.71736979
0.77451593 0.71763786
0.77576515 0.71790530
0.77701437 0.71817210
0.77826359 0.71843825
0.77951280 0.71870377
0.78076202 0.71896863
0.78201124 0.71923283
0.78326046 0.71949638
0.78450968 0.71975926
0.78575890 0.72002148
0.78700812 0.72028302
0.78825734 0.72054388
0.78950656 0.72080406
0.79075578 0.72106356
0.79200500 0.72132236
0.79325422 0.72158046
0.79450344 0.72183787
0.79575265 0.72209457
0.79700187 0.72235056
0.79825109 0.72260583
0.79950031 0.72286038
0.80074953 0.72311420
0.80199875 0.72336729
0.80324797 0.72361965
0.80449719 0.72387126
0.80574641 0.72412212
0.80699563 0.72437224
0.80824485 0.72462159
0.80949407 0.72487018
0.81074329 0.72511800
0.81199250 0.72536505
0.81324172 0.72561131
0.81449094 0.72585679
0.81574016 0.72610148
0.81698938 0.72634537
0.81823860 0.72658845
0.81948782 0.72683072
0.82073704 0.72707218
0.82198626 0.72731281
0.82323548 0.72755262
0.82448470 0.72779159
0.82573392 0.72802972
0.82698314 0.72826700
0.82823235 0.72850342
0.82948157 0.72873899
0.83073079 0.72897369
0.83198001 0.72920751
0.83322923 0.72944045
0.83447845 0.72967250
0.83572767 0.72990365
0.83697689 0.73013391
0.83822611 0.73036325
0.83947533 0.73059167
0.84072455 0.73081917
0.84197377 0.73104574
0.84322299 0.73127137
0.84447220 0.73149605
0.84572142 0.73171977
0.84697064 0.73194253
0.84821986 0.73216432
0.84946908 0.73238513
0.85071830 0.73260496
0.85196752 0.73282378
0.85321674 0.73304161
0.85446596 0.73325841
0.85571518 0.73347420
0.85696440 0.73368896
0.85821362 0.73390268
0.85946284 0.73411535
0.86071205 0.73432696
0.86196127 0.73453750
0.86321049 0.73474697
0.86445971 0.73495536
0.86570893 0.73516265
0.86695815 0.73536883
0.86820737 0.73557390
0.86945659 0.73577784
0.87070581 0.73598065
0.87195503 0.73618231
0.87320425 0.73638282
0.87445347 0.73658216
0.87570269 0.73678032
0.87695191 0.73697729
0.87820112 0.73717306
0.87945034 0.73736763
0.88069956 0.73756096
0.88194878 0.73775307
0.88319800 0.73794393
0.88444722 0.73813353
0.88569644 0.73832186
0.88694566 0.73850891
0.88819488 0.73869466
0.88944410 0.73887911
0.89069332 0.73906223
0.89194254 0.73924402
0.89319176 0.73942447
0.89444097 0.73960355
0.89569019 0.73978126
0.89693941 0.73995757
0.89818863 0.74013249
0.89943785 0.74030599
0.90068707 0.74047805
0.90193629 0.74064867
0.90318551 0.74081782
0.90443473 0.74098550
0.90568395 0.74115168
0.90693317 0.74131635
0.90818239 0.74147949
0.90943161 0.74164109
0.91068082 0.74180113
0.91193004 0.74195960
0.91317926 0.74211647
0.91442848 0.74227172
0.91567770 0.74242535
0.91692692 0.74257732
0.91817614 0.74272763
0.91942536 0.74287625
0.92067458 0.74302317
0.92192380 0.74316835
0.92317302 0.74331179
0.92442224 0.74345346
0.92567146 0.74359335
0.92692067 0.74373142
0.92816989 0.74386766
0.92941911 0.74400205
0.93066833 0.74413455
0.93191755 0.74426516
0.93316677 0.74439384
0.93441599 0.74452058
0.93566521 0.74464534
0.93691443 0.74476810
0.93816365 0.74488884
0.93941287 0.74500753
0.94066209 0.74512414
0.94191131 0.74523864
0.94316052 0.74535102
0.94440974 0.74546123
0.94565896 0.74556925
0.94690818 0.74567505
0.94815740 0.74577860
0.94940662 0.74587986
0.95065584 0.74597882
0.95190506 0.74607542
0.95315428 0.74616964
0.95440350 0.74626145
0.95565272 0.74635081
0.95690194 0.74643768
0.95815116 0.74652203
0.95940037 0.74660382
0.96064959 0.74668300
0.96189881 0.74675955
0.96314803 0.74683342
0.96439725 0.74690457
0.96564647 0.74697295
0.96689569 0.74703852
0.96814491 0.74710124
0.96939413 0.74716106
0.97064335 0.74721793
0.97189257 0.74727181
0.97314179 0.74732263
0.97439101 0.74737035
0.97564022 0.74741490
0.97688944 0.74745620
0.97813866 0.74749414
0.97938788 0.74752854
0.98063710 0.74755901
0.98188632 0.74758477
0.98313554 0.74760400
0.98438476 0.74761249
0.98563398 0.74760030
0.98688320 0.74754397
0.98813242 0.74738800
0.98938164 0.74700131
0.99063086 0.74607690
0.99188007 0.74390884
0.99312929 0.73894131
0.99437851 0.72803812
0.99562773 0.70589360
0.99687695 0.66609909
0.99812617 0.60546569
0.99937539 0.52924266
1.00062461 0.45060551
1.00187383 0.38295828
1.00312305 0.33288077
1.00437227 0.29973529
1.00562149 0.27940146
1.00687071 0.26750966
1.00811993 0.26075114
1.00936914 0.25697397
1.01061836 0.25488467
1.01186758 0.25373793
1.01311680 0.25311413
1.01436602 0.25277990
1.01561524 0.25260637
1.01686446 0.25252261
1.01811368 0.25248963
1.01936290 0.25248605
1.02061212 0.25250008
1.02186134 0.25252528
1.02311056 0.25255806
1.02435978 0.25259644
1.02560899 0.25263931
1.02685821 0.25268603
1.02810743 0.25273625
1.02935665 0.25278973
1.03060587 0.25284632
1.03185509 0.25290593
1.03310431 0.25296848
1.03435353 0.25303391
1.03560275 0.25310215
1.03685197 0.25317318
1.03810119 0.25324693
1.03935041 0.25332336
1.04059963 0.25340244
1.04184884 0.25348412
1.04309806 0.25356837
1.04434728 0.25365514
1.04559650 0.25374440
1.04684572 0.25383612
1.04809494 0.25393025
1.04934416 0.25402676
1.05059338 0.25412563
1.05184260 0.25422681
1.05309182 0.25433028
1.05434104 0.25443600
1.05559026 0.25454394
1.05683948 0.25465408
1.05808869 0.25476637
1.05933791 0.25488081
1.06058713 0.25499735
1.06183635 0.25511597
1.06308557 0.25523664
1.06433479 0.25535933
1.06558401 0.25548403
1.06683323 0.25561070
1.06808245 0.25573933
1.06933167 0.25586987
1.07058089 0.25600232
1.07183011 0.25613665
1.07307933 0.25627283
1.07432854 0.25641085
1.07557776 0.25655068
1.07682698 0.25669230
1.07807620 0.25683569
1.07932542 0.25698083
1.08057464 0.25712769
1.08182386 0.25727626
1.08307308 0.25742652
1.08432230 0.25757845
1.08557152 0.25773203
1.08682074 0.25788724
1.08806996 0.25804407
1.08931918 0.25820249
1.09056839 0.25836249
1.09181761 0.25852405
1.09306683 0.25868716
1.09431605 0.25885179
1.09556527 0.25901793
1.09681449 0.25918557
1.09806371 0.25935468
1.09931293 0.25952526
1.10056215 0.25969729
1.10181137 0.25987075
1.10306059 0.26004563
1.10430981 0.26022192
1.10555903 0.26039959
1.10680824 0.26057864
1.10805746 0.26075905
1.10930668 0.26094081
1.11055590 0.26112390
1.11180512 0.26130832
1.11305434 0.26149404
1.11430356 0.26168106
1.11555278 0.26186936
1.11680200 0.26205894
1.11805122 0.26224977
1.11930044 0.26244184
1.12054966 0.26263516
1.12179888 0.26282969
1.12304809 0.26302544
1.12429731 0.26322239
1.12554653 0.26342052
1.12679575 0.26361984
1.12804497 0.26382032
1.12929419 0.26402196
1.13054341 0.26422474
1.13179263 0.26442866
1.13304185 0.26463371
1.13429107 0.26483987
1.13554029 0.26504713
1.13678951 0.26525550
1.13803873 0.26546494
1.13928795 0.26567547
1.14053716 0.26588706
1.14178638 0.26609971
1.14303560 0.26631340
1.14428482 0.26652814
1.14553404 0.26674391
1.14678326 0.26696070
1.14803248 0.26717850
1.14928170 0.26739731
1.15053092 0.26761711
1.15178014 0.26783791
1.15302936 0.26805968
1.15427858 0.26828242
1.15552780 0.26850613
1.15677701 0.26873079
1.15802623 0.26895640
1.15927545 0.26918295
1.16052467 0.26941044
1.16177389 0.26963884
1.16302311 0.26986817
1.16427233 0.27009841
1.16552155 0.27032955
1.16677077 0.27056158
1.16801999 0.27079451
1.16926921 0.27102831
1.17051843 0.27126299
1.17176765 0.27149854
1.17301686 0.27173495
1.17426608 0.27197222
1.17551530 0.27221034
1.17676452 0.27244929
1.17801374 0.27268908
1.17926296 0.27292970
1.18051218 0.27317115
1.18176140 0.27341341
1.18301062 0.27365648
1.18425984 0.27390035
1.18550906 0.27414503
1.18675828 0.27439049
1.18800750 0.27463675
1.18925671 0.27488378
1.19050593 0.27513159
1.19175515 0.27538017
1.19300437 0.27562951
1.19425359 0.27587961
1.19550281 0.27613046
1.19675203 0.27638207
1.19800125 0.27663441
1.19925047 0.27688749
1.20049969 0.27714130
1.20174891 0.27739584
1.20299813 0.27765110
1.20424735 0.27790708
1.20549656 0.27816377
1.20674578 0.27842116
1.20799500 0.27867926
1.20924422 0.27893805
1.21049344 0.27919753
1.21174266 0.27945770
1.21299188 0.27971856
1.21424110 0.27998009
1.21549032 0.28024229
1.21673954 0.28050517
1.21798876 0.28076870
1.21923798 0.28103290
1.22048720 0.28129775
1.22173641 0.28156325
1.22298563 0.28182940
1.22423485 0.28209619
1.22548407 0.28236362
1.22673329 0.28263169
1.22798251 0.28290038
1.22923173 0.28316970
1.23048095 0.28343963
1.23173017 0.28371019
1.23297939 0.28398136
1.23422861 0.28425314
1.23547783 0.28452552
1.23672705 0.28479851
1.23797626 0.28507209
1.23922548 0.28534627
1.24047470 0.28562103
1.24172392 0.28589639
1.24297314 0.28617232
1.24422236 0.28644884
1.24547158 0.28672593
1.24672080 0.28700359
1.24797002 0.28728182
1.24921924 0.28756061
1.25046846 0.28783997
1.25171768 0.28811988
1.25296690 0.28840035
1.25421611 0.28868136
1.25546533 0.28896293
1.25671455 0.28924504
1.25796377 0.28952769
1.25921299 0.28981087
1.26046221 0.29009459
1.26171143 0.29037884
1.26296065 0.29066362
1.26420987 0.29094893
1.26545909 0.29123475
1.26670831 0.29152109
1.26795753 0.29180795
1.26920675 0.29209532
1.27045597 0.29238320
1.27170518 0.29267158
1.27295440 0.29296047
1.27420362 0.29324986
1.27545284 0.29353975
1.27670206 0.29383012
1.27795128 0.29412099
1.27920050 0.29441235
1.28044972 0.29470420
1.28169894 0.29499652
1.28294816 0.29528933
1.28419738 0.29558261
1.28544660 0.29587637
1.28669582 0.29617060
1.28794503 0.29646530
1.28919425 0.29676047
1.29044347 0.29705610
1.29169269 0.29735219
1.29294191 0.29764873
1.29419113 0.29794574
1.29544035 0.29824320
1.29668957 0.29854110
1.29793879 0.29883946
1.29918801 0.29913826
1.30043723 0.29943751
1.30168645 0.29973719
1.30293567 0.30003732
1.30418488 0.30033788
1.30543410 0.30063887
1.30668332 0.30094029
1.30793254 0.30124215
1.30918176 0.30154443
1.31043098 0.30184713
1.31168020 0.30215025
1.31292942 0.30245380
1.31417864 0.30275776
1.31542786 0.30306213
1.31667708 0.30336692
1.31792630 0.30367212
1.31917552 0.30397772
1.32042473 0.30428374
1.32167395 0.30459015
1.32292317 0.30489697
1.32417239 0.30520418
1.32542161 0.30551180
1.32667083 0.30581980
1.32792005 0.30612821
1.32916927 0.30643700
1.33041849 0.30674618
1.33166771 0.30705575
1.33291693 0.30736570
1.33416615 0.30767603
1.33541537 0.30798675
1.33666458 0.30829784
1.33791380 0.30860931
1.33916302 0.30892116
1.34041224 0.30923338
1.34166146 0.30954597
1.34291068 0.30985892
1.34415990 0.31017225
1.34540912 0.31048594
1.34665834 0.31079999
1.34790756 0.31111440
1.34915678 0.31142918
1.35040600 0.31174431
1.35165522 0.31205980
1.35290443 0.31237564
1.35415365 0.31269183
1.35540287 0.31300837
1.35665209 0.31332526
1.35790131 0.31364250
1.35915053 0.31396008
1.36039975 0.31427801
1.36164897 0.31459628
1.36289819 0.31491488
1.36414741 0.31523383
1.36539663 0.31555311
1.36664585 0.31587273
1.36789507 0.31619268
1.36914428 0.31651296
1.37039350 0.31683357
1.37164272 0.31715450
1.37289194 0.31747577
1.37414116 0.31779736
1.37539038 0.31811927
1.37663960 0.31844150
1.37788882 0.31876405
1.37913804 0.31908693
1.38038726 0.31941011
1.38163648 0.31973362
1.38288570 0.32005743
1.38413492 0.32038156
1.38538413 0.32070600
1.38663335 0.32103075
1.38788257 0.32135581
1.38913179 0.32168117
1.39038101 0.32200683
1.39163023 0.32233280
1.39287945 0.32265908
1.39412867 0.32298565
1.39537789 0.32331252
1.39662711 0.32363968
1.39787633 0.32396714
1.39912555 0.32429490
1.40037477 0.32462295
1.40162399 0.32495129
1.40287320 0.32527992
1.40412242 0.32560884
1.40537164 0.32593805
1.40662086 0.32626754
1.40787008 0.32659732
1.40911930 0.32692738
1.41036852 0.32725772
1.41161774 0.32758834
1.41286696 0.32791924
1.41411618 0.32825042
1.41536540 0.32858188
1.41661462 0.32891361
1.41786384 0.32924561
1.41911305 0.32957789
1.42036227 0.32991044
1.42161149 0.33024325
1.42286071 0.33057634
1.42410993 0.33090969
1.42535915 0.33124331
1.42660837 0.33157720
1.42785759 0.33191135
1.42910681 0.33224576
1.43035603 0.33258043
1.43160525 0.33291536
1.43285447 0.33325055
1.43410369 0.33358600
1.43535290 0.33392170
1.43660212 0.33425766
1.43785134 0.33459388
1.43910056 0.33493034
1.44034978 0.33526706
1.44159900 0.33560403
1.44284822 0.33594125
1.44409744 0.33627871
1.44534666 0.33661642
1.44659588 0.33695438
1.44784510 0.33729258
1.44909432 0.33763103
1.45034354 0.33796971
1.45159275 0.33830864
1.45284197 0.33864781
1.45409119 0.33898722
1.45534041 0.33932687
1.45658963 0.33966675
1.45783885 0.34000687
1.45908807 0.34034722
1.46033729 0.34068781
1.46158651 0.34102863
1.46283573 0.34136968
1.46408495 0.34171096
1.46533417 0.34205247
1.46658339 0.34239421
1.46783260 0.34273617
1.46908182 0.34307836
1.47033104 0.34342078
1.47158026 0.34376342
1.47282948 0.34410628
1.47407870 0.34444937
1.47532792 0.34479267
1.47657714 0.34513620
1.47782636 0.34547995
1.47907558 0.34582391
1.48032480 0.34616809
1.48157402 0.34651249
1.48282324 0.34685710
1.48407245 0.34720192
1.48532167 0.34754696
1.48657089 0.34789221
1.48782011 0.34823767
1.48906933 0.34858335
1.49031855 0.34892923
1.49156777 0.34927532
1.49281699 0.34962161
1.49406621 0.34996812
1.49531543 0.35031483
1.49656465 0.35066174
1.49781387 0.35100886
1.49906309 0.35135618
1.50031230 0.35170370
1.50156152 0.35205142
1.50281074 0.35239934
1.50405996 0.35274746
1.50530918 0.35309578
1.50655840 0.35344430
1.50780762 0.35379301
1.50905684 0.35414192
1.51030606 0.35449102
1.51155528 0.35484032
1.51280450 0.35518981
1.51405372 0.35553949
1.51530294 0.35588936
1.51655215 0.35623942
1.51780137 0.35658968
1.51905059 0.35694012
1.52029981 0.35729075
1.52154903 0.35764156
1.52279825 0.35799256
1.52404747 0.35834375
1.52529669 0.35869512
1.52654591 0.35904667
1.52779513 0.35939841
1.52904435 0.35975033
1.53029357 0.36010243
1.53154279 0.36045471
1.53279200 0.36080717
1.53404122 0.36115981
1.53529044 0.36151262
1.53653966 0.36186561
1.53778888 0.36221878
1.53903810 0.36257213
1.54028732 0.36292565
1.54153654 0.36327934
1.54278576 0.36363320
1.54403498 0.36398724
1.54528420 0.36434145
1.54653342 0.36469583
1.54778264 0.36505038
1.54903186 0.36540510
1.55028107 0.36575999
1.55153029 0.36611504
1.55277951 0.36647027
1.55402873 0.36682566
1.55527795 0.36718121
1.55652717 0.36753693
1.55777639 0.36789281
1.55902561 0.36824886
1.56027483 0.36860506
1.56152405 0.36896143
1.56277327 0.36931796
1.56402249 0.36967465
1.56527171 0.37003151
1.56652092 0.37038851
1.56777014 0.37074568
1.56901936 0.37110301
1.57026858 0.37146049
1.57151780 0.37181812
1.57276702 0.37217592
1.57401624 0.37253386
1.57526546 0.37289197
1.57651468 0.37325022
1.57776390 0.37360863
1.57901312 0.37396718
1.58026234 0.37432589
1.58151156 0.37468475
1.58276077 0.37504376
1.58400999 0.37540292
1.58525921 0.37576223
1.58650843 0.37612168
1.58775765 0.37648128
1.58900687 0.37684103
1.59025609 0.37720092
1.59150531 0.37756096
1.59275453 0.37792114
1.59400375 0.37828147
1.59525297 0.37864194
1.59650219 0.37900255
1.59775141 0.37936330
1.59900062 0.37972420
1.60024984 0.38008523
1.60149906 0.38044640
1.60274828 0.38080772
1.60399750 0.38116917
1.60524672 0.38153076
1.60649594 0.38189249
1.60774516 0.38225435
1.60899438 0.38261635
1.61024360 0.38297848
1.61149282 0.38334075
1.61274204 0.38370315
1.61399126 0.38406569
1.61524047 0.38442836
1.61648969 0.38479116
1.61773891 0.38515409
1.61898813 0.38551716
1.62023735 0.38588035
1.62148657 0.38624368
1.62273579 0.38660713
1.62398501 0.38697071
1.62523423 0.38733442
1.62648345 0.38769826
1.62773267 0.38806222
1.62898189 0.38842631
1.63023111 0.38879053
1.63148032 0.38915487
1.63272954 0.38951933
1.63397876 0.38988392
1.63522798 0.39024863
1.63647720 0.39061347
1.63772642 0.39097842
1.63897564 0.39134350
1.64022486 0.39170870
1.64147408 0.39207402
1.64272330 0.39243945
1.64397252 0.39280501
1.64522174 0.39317069
1.64647096 0.39353648
1.64772017 0.39390239
1.64896939 0.39426842
1.65021861 0.39463457
1.65146783 0.39500083
1.65271705 0.39536720
1.65396627 0.39573369
1.65521549 0.39610030
1.65646471 0.39646702
1.65771393 0.39683385
1.65896315 0.39720079
1.66021237 0.39756785
1.66146159 0.39793501
1.66271081 0.39830229
1.66396002 0.39866968
1.66520924 0.39903718
1.66645846 0.39940478
1.66770768 0.39977250
1.66895690 0.40014032
1.67020612 0.40050825
1.67145534 0.40087629
1.67270456 0.40124444
1.67395378 0.40161269
1.67520300 0.40198104
1.67645222 0.40234950
1.67770144 0.40271807
1.67895066 0.40308674
1.68019988 0.40345551
1.68144909 0.40382439
1.68269831 0.40419337
1.68394753 0.40456245
1.68519675 0.40493163
1.68644597 0.40530091
1.68769519 0.40567029
1.68894441 0.40603977
1.69019363 0.40640935
1.69144285 0.40677903
1.69269207 0.40714881
1.69394129 0.40751869
1.69519051 0.40788866
1.69643973 0.40825873
1.69768894 0.40862890
1.69893816 0.40899916
1.70018738 0.40936952
1.70143660 0.40973997
1.70268582 0.41011052
1.70393504 0.41048116
1.70518426 0.41085189
1.70643348 0.41122272
1.70768270 0.41159363
1.70893192 0.41196464
1.71018114 0.41233575
1.71143036 0.41270694
1.71267958 0.41307822
1.71392879 0.41344959
1.71517801 0.41382106
1.71642723 0.41419261
1.71767645 0.41456425
1.71892567 0.41493598
1.72017489 0.41530779
1.72142411 0.41567969
1.72267333 0.41605168
1.72392255 0.41642376
1.72517177 0.41679592
1.72642099 0.41716816
1.72767021 0.41754049
1.72891943 0.41791291
1.73016864 0.41828541
1.73141786 0.41865799
1.73266708 0.41903065
1.73391630 0.41940340
1.73516552 0.41977623
1.73641474 0.42014914
1.73766396 0.42052213
1.73891318 0.42089520
1.74016240 0.42126836
1.74141162 0.42164159
1.74266084 0.42201490
1.74391006 0.42238829
1.74515928 0.42276176
1.74640849 0.42313530
1.74765771 0.42350893
1.74890693 0.42388263
1.75015615 0.42425640
1.75140537 0.42463025
1.75265459 0.42500418
1.75390381 0.42537819
1.75515303 0.42575226
1.75640225 0.42612642
1.75765147 0.42650064
1.75890069 0.42687494
1.76014991 0.42724931
1.76139913 0.42762376
1.76264834 0.42799828
1.76389756 0.42837287
1.76514678 0.42874753
1.76639600 0.42912226
1.76764522 0.42949706
1.76889444 0.42987193
1.77014366 0.43024687
1.77139288 0.43062188
1.77264210 0.43099696
1.77389132 0.43137210
1.77514054 0.43174732
1.77638976 0.43212260
1.77763898 0.43249795
1.77888819 0.43287336
1.78013741 0.43324885
1.78138663 0.43362439
1.78263585 0.43400000
1.78388507 0.43437568
1.78513429 0.43475142
1.78638351 0.43512723
1.78763273 0.43550310
1.78888195 0.43587903
1.79013117 0.43625502
1.79138039 0.43663108
1.79262961 0.43700720
1.79387883 0.43738338
1.79512804 0.43775962
1.79637726 0.43813592
1.79762648 0.43851229
1.79887570 0.43888871
1.80012492 0.43926519
1.80137414 0.43964173
1.80262336 0.44001833
1.80387258 0.44039499
1.80512180 0.44077170
1.80637102 0.44114848
1.80762024 0.44152531
1.80886946 0.44190219
1.81011868 0.44227913
1.81136790 0.44265613
1.81261711 0.44303319
1.81386633 0.44341029
1.81511555 0.44378746
1.81636477 0.44416468
1.81761399 0.44454195
1.81886321 0.44491927
1.82011243 0.44529665
1.82136165 0.44567408
1.82261087 0.44605156
1.82386009 0.44642910
1.82510931 0.44680668
1.82635853 0.44718432
1.82760775 0.44756200
1.82885696 0.44793974
1.83010618 0.44831753
1.83135540 0.44869537
1.83260462 0.44907325
1.83385384 0.44945119
1.83510306 0.44982917
1.83635228 0.45020720
1.83760150 0.45058528
1.83885072 0.45096340
1.84009994 0.45134157
1.84134916 0.45171979
1.84259838 0.45209806
1.84384760 0.45247637
1.84509681 0.45285472
1.84634603 0.45323312
1.84759525 0.45361157
1.84884447 0.45399005
1.85009369 0.45436859
1.85134291 0.45474716
1.85259213 0.45512578
1.85384135 0.45550444
1.85509057 0.45588314
1.85633979 0.45626188
1.85758901 0.45664067
1.85883823 0.45701950
1.86008745 0.45739836
1.86133666 0.45777727
1.86258588 0.45815622
1.86383510 0.45853521
1.86508432 0.45891423
1.86633354 0.45929330
1.86758276 0.45967240
1.86883198 0.46005154
1.87008120 0.46043072
1.87133042 0.46080993
1.87257964 0.46118919
1.87382886 0.46156847
1.87507808 0.46194780
1.87632730 0.46232716
1.87757651 0.46270656
1.87882573 0.46308599
1.88007495 0.46346545
1.88132417 0.46384495
1.88257339 0.46422449
1.88382261 0.46460405
1.88507183 0.46498365
1.88632105 0.46536329
1.88757027 0.46574295
1.88881949 0.46612265
1.89006871 0.46650238
1.89131793 0.46688214
1.89256715 0.46726193
1.89381636 0.46764175
1.89506558 0.46802161
1.89631480 0.46840149
1.89756402 0.46878140
1.89881324 0.46916134
1.90006246 0.46954131
1.90131168 0.46992131
1.90256090 0.47030133
1.90381012 0.47068139
1.90505934 0.47106147
1.90630856 0.47144157
1.90755778 0.47182171
1.90880700 0.47220187
1.91005621 0.47258206
1.91130543 0.47296227
1.91255465 0.47334250
1.91380387 0.47372276
1.91505309 0.47410305
1.91630231 0.47448336
1.91755153 0.47486369
1.91880075 0.47524405
1.92004997 0.47562443
1.92129919 0.47600483
1.92254841 0.47638526
1.92379763 0.47676570
1.92504685 0.47714617
1.92629606 0.47752666
1.92754528 0.47790717
1.92879450 0.47828770
1.93004372 0.47866825
1.93129294 0.47904882
1.93254216 0.47942941
1.93379138 0.47981002
1.93504060 0.48019065
1.93628982 0.48057129
1.93753904 0.48095196
1.93878826 0.48133264
1.94003748 0.48171334
1.94128670 0.48209405
1.94253592 0.48247479
1.94378513 0.48285553
1.94503435 0.48323630
1.94628357 0.48361708
1.94753279 0.48399787
1.94878201 0.48437868
1.95003123 0.48475950
1.95128045 0.48514034
1.95252967 0.48552119
1.95377889 0.48590206
1.95502811 0.48628293
1.95627733 0.48666382
1.95752655 0.48704473
1.95877577 0.48742564
1.96002498 0.48780657
1.96127420 0.48818751
1.96252342 0.48856845
1.96377264 0.48894941
1.96502186 0.48933038
1.96627108 0.48971136
1.96752030 0.49009235
1.96876952 0.49047335
1.97001874 0.49085435
1.97126796 0.49123537
1.97251718 0.49161639
1.97376640 0.49199742
1.97501562 0.49237846
1.97626483 0.49275950
1.97751405 0.49314055
1.97876327 0.49352161
1.98001249 0.49390267
1.98126171 0.49428374
1.98251093 0.49466482
1.98376015 0.49504590
1.98500937 0.49542698
1.98625859 0.49580807
1.98750781 0.49618916
1.98875703 0.49657025
1.99000625 0.49695135
1.99125547 0.49733245
1.99250468 0.49771356
1.99375390 0.49809466
1.99500312 0.49847577
1.99625234 0.49885688
1.99750156 0.49923799
1.99875078 0.49961910
