0.00000000 0.50000086
0.00249688 0.50076153
0.00499376 0.50152220
0.00749064 0.50228287
0.00998752 0.50304352
0.01248439 0.50380417
0.01498127 0.50456480
0.01747815 0.50532542
0.01997503 0.50608601
0.02247191 0.50684659
0.02496879 0.50760713
0.02746567 0.50836765
0.02996255 0.50912814
0.03245943 0.50988859
0.03495630 0.51064901
0.03745318 0.51140939
0.03995006 0.51216972
0.04244694 0.51293001
0.04494382 0.51369025
0.04744070 0.51445044
0.04993758 0.51521058
0.05243446 0.51597066
0.05493134 0.51673068
0.05742821 0.51749064
0.05992509 0.51825053
0.06242197 0.51901035
0.06491885 0.51977011
0.06741573 0.52052979
0.06991261 0.52128939
0.07240949 0.52204891
0.07490637 0.52280835
0.07740325 0.52356771
0.07990012 0.52432697
0.08239700 0.52508615
0.08489388 0.52584523
0.08739076 0.52660421
0.08988764 0.52736310
0.09238452 0.52812188
0.09488140 0.52888055
0.09737828 0.52963912
0.09987516 0.53039757
0.10237203 0.53115591
0.10486891 0.53191413
0.10736579 0.53267224
0.10986267 0.53343021
0.11235955 0.53418807
0.11485643 0.53494579
0.11735331 0.53570338
0.11985019 0.53646083
0.12234707 0.53721815
0.12484395 0.53797532
0.12734082 0.53873236
0.12983770 0.53948924
0.13233458 0.54024597
0.13483146 0.54100255
0.13732834 0.54175897
0.13982522 0.54251524
0.14232210 0.54327134
0.14481898 0.54402727
0.14731586 0.54478304
0.14981273 0.54553864
0.15230961 0.54629406
0.15480649 0.54704930
0.15730337 0.54780436
0.15980025 0.54855924
0.16229713 0.54931393
0.16479401 0.55006843
0.16729089 0.55082273
0.16978777 0.55157684
0.17228464 0.55233075
0.17478152 0.55308446
0.17727840 0.55383796
0.17977528 0.55459125
0.18227216 0.55534433
0.18476904 0.55609719
0.18726592 0.55684984
0.18976280 0.55760226
0.19225968 0.55835446
0.19475655 0.55910642
0.19725343 0.55985816
0.19975031 0.56060966
0.20224719 0.56136092
0.20474407 0.56211194
0.20724095 0.56286271
0.20973783 0.56361324
0.21223471 0.56436351
0.21473159 0.56511353
0.21722846 0.56586329
0.21972534 0.56661279
0.22222222 0.56736202
0.22471910 0.56811099
0.22721598 0.56885968
0.22971286 0.56960809
0.23220974 0.57035623
0.23470662 0.57110408
0.23720350 0.57185165
0.23970037 0.57259893
0.24219725 0.57334591
0.24469413 0.57409260
0.24719101 0.57483899
0.24968789 0.57558507
0.25218477 0.57633084
0.25468165 0.57707631
0.25717853 0.57782146
0.25967541 0.57856629
0.26217228 0.57931080
0.26466916 0.58005498
0.26716604 0.58079884
0.26966292 0.58154236
0.27215980 0.58228554
0.27465668 0.58302838
0.27715356 0.58377088
0.27965044 0.58451303
0.28214732 0.58525483
0.28464419 0.58599627
0.28714107 0.58673735
0.28963795 0.58747807
0.29213483 0.58821842
0.29463171 0.58895840
0.29712859 0.58969801
0.29962547 0.59043723
0.30212235 0.59117607
0.30461923 0.59191452
0.30711610 0.59265259
0.30961298 0.59339025
0.31210986 0.59412752
0.31460674 0.59486438
0.31710362 0.59560084
0.31960050 0.59633688
0.32209738 0.59707251
0.32459426 0.59780771
0.32709114 0.59854249
0.32958801 0.59927685
0.33208489 0.60001076
0.33458177 0.60074425
0.33707865 0.60147729
0.33957553 0.60220988
0.34207241 0.60294202
0.34456929 0.60367371
0.34706617 0.60440493
0.34956305 0.60513570
0.35205993 0.60586599
0.35455680 0.60659581
0.35705368 0.60732516
0.35955056 0.60805402
0.36204744 0.60878239
0.36454432 0.60951027
0.36704120 0.61023766
0.36953808 0.61096454
0.37203496 0.61169092
0.37453184 0.61241679
0.37702871 0.61314214
0.37952559 0.61386697
0.38202247 0.61459128
0.38451935 0.61531505
0.38701623 0.61603829
0.38951311 0.61676099
0.39200999 0.61748315
0.39450687 0.61820475
0.39700375 0.61892580
0.39950062 0.61964628
0.40199750 0.62036620
0.40449438 0.62108555
0.40699126 0.62180432
0.40948814 0.62252251
0.41198502 0.62324011
0.41448190 0.62395712
0.41697878 0.62467353
0.41947566 0.62538934
0.42197253 0.62610454
0.42446941 0.62681912
0.42696629 0.62753308
0.42946317 0.62824642
0.43196005 0.62895912
0.43445693 0.62967118
0.43695381 0.63038260
0.43945069 0.63109337
0.44194757 0.63180349
0.44444444 0.63251294
0.44694132 0.63322173
0.44943820 0.63392984
0.45193508 0.63463727
0.45443196 0.63534401
0.45692884 0.63605007
0.45942572 0.63675542
0.46192260 0.63746007
0.46441948 0.63816401
0.46691635 0.63886722
0.46941323 0.63956972
0.47191011 0.64027148
0.47440699 0.64097251
0.47690387 0.64167279
0.47940075 0.64237231
0.48189763 0.64307108
0.48439451 0.64376909
0.48689139 0.64446632
0.48938826 0.64516277
0.49188514 0.64585844
0.49438202 0.64655331
0.49687890 0.64724738
0.49937578 0.64794065
0.50187266 0.64863309
0.50436954 0.64932472
0.50686642 0.65001551
0.50936330 0.65070546
0.51186017 0.65139457
0.51435705 0.65208283
0.51685393 0.65277022
0.51935081 0.65345674
0.52184769 0.65414239
0.52434457 0.65482715
0.52684145 0.65551101
0.52933833 0.65619397
0.53183521 0.65687603
0.53433208 0.65755716
0.53682896 0.65823736
0.53932584 0.65891663
0.54182272 0.65959495
0.54431960 0.66027232
0.54681648 0.66094873
0.54931336 0.66162416
0.55181024 0.66229861
0.55430712 0.66297208
0.55680400 0.66364454
0.55930087 0.66431599
0.56179775 0.66498643
0.56429463 0.66565583
0.56679151 0.66632420
0.56928839 0.66699152
0.57178527 0.66765778
0.57428215 0.66832297
0.57677903 0.66898709
0.57927591 0.66965011
0.58177278 0.67031204
0.58426966 0.67097285
0.58676654 0.67163255
0.58926342 0.67229111
0.59176030 0.67294853
0.59425718 0.67360480
0.59675406 0.67425990
0.59925094 0.67491383
0.60174782 0.67556657
0.60424469 0.67621810
0.60674157 0.67686843
0.60923845 0.67751753
0.61173533 0.67816540
0.61423221 0.67881202
0.61672909 0.67945738
0.61922597 0.68010146
0.62172285 0.68074426
0.62421973 0.68138576
0.62671660 0.68202595
0.62921348 0.68266481
0.63171036 0.68330234
0.63420724 0.68393851
0.63670412 0.68457331
0.63920100 0.68520673
0.64169788 0.68583876
0.64419476 0.68646938
0.64669164 0.68709858
0.64918851 0.68772633
0.65168539 0.68835264
0.65418227 0.68897747
0.65667915 0.68960082
0.65917603 0.69022266
0.66167291 0.69084299
0.66416979 0.69146179
0.66666667 0.69207904
0.66916355 0.69269472
0.67166042 0.69330882
0.67415730 0.69392132
0.67665418 0.69453220
0.67915106 0.69514145
0.68164794 0.69574904
0.68414482 0.69635496
0.68664170 0.69695920
0.68913858 0.69756172
0.69163546 0.69816251
0.69413233 0.69876156
0.69662921 0.69935883
0.69912609 0.69995433
0.70162297 0.70054801
0.70411985 0.70113986
0.70661673 0.70172987
0.70911361 0.70231800
0.71161049 0.70290424
0.71410737 0.70348856
0.71660424 0.70407095
0.71910112 0.70465137
0.72159800 0.70522981
0.72409488 0.70580624
0.72659176 0.70638064
0.72908864 0.70695299
0.73158552 0.70752325
0.73408240 0.70809140
0.73657928 0.70865742
0.73907615 0.70922128
0.74157303 0.70978296
0.74406991 0.71034242
0.74656679 0.71089963
0.74906367 0.71145458
0.75156055 0.71200723
0.75405743 0.71255755
0.75655431 0.71310551
0.75905119 0.71365108
0.76154806 0.71419423
0.76404494 0.71473493
0.76654182 0.71527314
0.76903870 0.71580883
0.77153558 0.71634197
0.77403246 0.71687252
0.77652934 0.71740045
0.77902622 0.71792572
0.78152310 0.71844830
0.78401998 0.71896814
0.78651685 0.71948522
0.78901373 0.71999948
0.79151061 0.72051089
0.79400749 0.72101941
0.79650437 0.72152500
0.79900125 0.72202762
0.80149813 0.72252721
0.80399501 0.72302374
0.80649189 0.72351716
0.80898876 0.72400742
0.81148564 0.72449448
0.81398252 0.72497829
0.81647940 0.72545879
0.81897628 0.72593594
0.82147316 0.72640968
0.82397004 0.72687996
0.82646692 0.72734672
0.82896380 0.72780991
0.83146067 0.72826947
0.83395755 0.72872534
0.83645443 0.72917745
0.83895131 0.72962575
0.84144819 0.73007017
0.84394507 0.73051065
0.84644195 0.73094711
0.84893883 0.73137949
0.85143571 0.73180771
0.85393258 0.73223171
0.85642946 0.73265140
0.85892634 0.73306670
0.86142322 0.73347755
0.86392010 0.73388385
0.86641698 0.73428551
0.86891386 0.73468246
0.87141074 0.73507460
0.87390762 0.73546184
0.87640449 0.73584408
0.87890137 0.73622122
0.88139825 0.73659316
0.88389513 0.73695979
0.88639201 0.73732101
0.88888889 0.73767670
0.89138577 0.73802674
0.89388265 0.73837102
0.89637953 0.73870941
0.89887640 0.73904177
0.90137328 0.73936798
0.90387016 0.73968789
0.90636704 0.74000136
0.90886392 0.74030824
0.91136080 0.74060837
0.91385768 0.74090160
0.91635456 0.74118774
0.91885144 0.74146663
0.92134831 0.74173809
0.92384519 0.74200192
0.92634207 0.74225792
0.92883895 0.74250588
0.93133583 0.74274560
0.93383271 0.74297683
0.93632959 0.74319935
0.93882647 0.74341289
0.94132335 0.74361721
0.94382022 0.74381202
0.94631710 0.74399703
0.94881398 0.74417193
0.95131086 0.74433639
0.95380774 0.74449004
0.95630462 0.74463245
0.95880150 0.74476308
0.96129838 0.74488116
0.96379526 0.74498543
0.96629213 0.74507347
0.96878901 0.74514020
0.97128589 0.74517442
0.97378277 0.74515055
0.97627965 0.74500946
0.97877653 0.74461394
0.98127341 0.74364704
0.98377029 0.74138928
0.98626717 0.73627493
0.98876404 0.72518943
0.99126092 0.70293780
0.99375780 0.66334671
0.99625468 0.60346485
0.99875156 0.52850783
1.00124844 0.45126682
1.00374532 0.38471437
1.00624220 0.33526356
1.00873908 0.30236551
1.01123596 0.28206549
1.01373283 0.27012115
1.01622971 0.26329306
1.01872659 0.25945887
1.02122347 0.25733435
1.02372035 0.25617487
1.02621723 0.25555858
1.02871411 0.25524941
1.03121099 0.25511604
1.03370787 0.25508561
1.03620474 0.25511768
1.03870162 0.25518975
1.04119850 0.25528919
1.04369538 0.25540888
1.04619226 0.25554471
1.04868914 0.25569426
1.05118602 0.25585603
1.05368290 0.25602905
1.05617978 0.25621266
1.05867665 0.25640636
1.06117353 0.25660974
1.06367041 0.25682247
1.06616729 0.25704424
1.06866417 0.25727480
1.07116105 0.25751388
1.07365793 0.25776125
1.07615481 0.25801669
1.07865169 0.25827999
1.08114856 0.25855095
1.08364544 0.25882936
1.08614232 0.25911505
1.08863920 0.25940784
1.09113608 0.25970756
1.09363296 0.26001404
1.09612984 0.26032713
1.09862672 0.26064668
1.10112360 0.26097254
1.10362047 0.26130457
1.10611735 0.26164263
1.10861423 0.26198660
1.11111111 0.26233635
1.11360799 0.26269175
1.11610487 0.26305270
1.11860175 0.26341907
1.12109863 0.26379075
1.12359551 0.26416765
1.12609238 0.26454965
1.12858926 0.26493666
1.13108614 0.26532858
1.13358302 0.26572531
1.13607990 0.26612677
1.13857678 0.26653287
1.14107366 0.26694353
1.14357054 0.26735865
1.14606742 0.26777816
1.14856429 0.26820198
1.15106117 0.26863003
1.15355805 0.26906224
1.15605493 0.26949855
1.15855181 0.26993887
1.16104869 0.27038314
1.16354557 0.27083129
1.16604245 0.27128326
1.16853933 0.27173899
1.17103620 0.27219842
1.17353308 0.27266148
1.17602996 0.27312811
1.17852684 0.27359827
1.18102372 0.27407189
1.18352060 0.27454892
1.18601748 0.27502931
1.18851436 0.27551301
1.19101124 0.27599996
1.19350811 0.27649012
1.19600499 0.27698344
1.19850187 0.27747987
1.20099875 0.27797937
1.20349563 0.27848189
1.20599251 0.27898739
1.20848939 0.27949582
1.21098627 0.28000714
1.21348315 0.28052132
1.21598002 0.28103831
1.21847690 0.28155807
1.22097378 0.28208057
1.22347066 0.28260576
1.22596754 0.28313362
1.22846442 0.28366409
1.23096130 0.28419716
1.23345818 0.28473278
1.23595506 0.28527092
1.23845194 0.28581155
1.24094881 0.28635463
1.24344569 0.28690014
1.24594257 0.28744803
1.24843945 0.28799829
1.25093633 0.28855088
1.25343321 0.28910577
1.25593009 0.28966292
1.25842697 0.29022233
1.26092385 0.29078395
1.26342072 0.29134775
1.26591760 0.29191372
1.26841448 0.29248182
1.27091136 0.29305203
1.27340824 0.29362432
1.27590512 0.29419867
1.27840200 0.29477505
1.28089888 0.29535344
1.28339576 0.29593382
1.28589263 0.29651616
1.28838951 0.29710044
1.29088639 0.29768663
1.29338327 0.29827472
1.29588015 0.29886468
1.29837703 0.29945650
1.30087391 0.30005014
1.30337079 0.30064559
1.30586767 0.30124283
1.30836454 0.30184183
1.31086142 0.30244259
1.31335830 0.30304507
1.31585518 0.30364926
1.31835206 0.30425515
1.32084894 0.30486271
1.32334582 0.30547192
1.32584270 0.30608276
1.32833958 0.30669523
1.33083645 0.30730930
1.33333333 0.30792495
1.33583021 0.30854216
1.33832709 0.30916093
1.34082397 0.30978123
1.34332085 0.31040304
1.34581773 0.31102636
1.34831461 0.31165116
1.35081149 0.31227744
1.35330836 0.31290516
1.35580524 0.31353433
1.35830212 0.31416492
1.36079900 0.31479692
1.36329588 0.31543032
1.36579276 0.31606510
1.36828964 0.31670124
1.37078652 0.31733874
1.37328340 0.31797758
1.37578027 0.31861774
1.37827715 0.31925921
1.38077403 0.31990199
1.38327091 0.32054605
1.38576779 0.32119138
1.38826467 0.32183798
1.39076155 0.32248582
1.39325843 0.32313490
1.39575531 0.32378521
1.39825218 0.32443673
1.40074906 0.32508944
1.40324594 0.32574335
1.40574282 0.32639843
1.40823970 0.32705467
1.41073658 0.32771207
1.41323346 0.32837062
1.41573034 0.32903029
1.41822722 0.32969109
1.42072409 0.33035300
1.42322097 0.33101600
1.42571785 0.33168010
1.42821473 0.33234527
1.43071161 0.33301152
1.43320849 0.33367882
1.43570537 0.33434717
1.43820225 0.33501655
1.44069913 0.33568697
1.44319600 0.33635841
1.44569288 0.33703085
1.44818976 0.33770430
1.45068664 0.33837873
1.45318352 0.33905415
1.45568040 0.33973054
1.45817728 0.34040789
1.46067416 0.34108620
1.46317104 0.34176545
1.46566792 0.34244564
1.46816479 0.34312676
1.47066167 0.34380880
1.47315855 0.34449175
1.47565543 0.34517560
1.47815231 0.34586034
1.48064919 0.34654597
1.48314607 0.34723248
1.48564295 0.34791986
1.48813983 0.34860810
1.49063670 0.34929720
1.49313358 0.34998714
1.49563046 0.35067792
1.49812734 0.35136953
1.50062422 0.35206196
1.50312110 0.35275522
1.50561798 0.35344927
1.50811486 0.35414413
1.51061174 0.35483979
1.51310861 0.35553623
1.51560549 0.35623345
1.51810237 0.35693144
1.52059925 0.35763020
1.52309613 0.35832972
1.52559301 0.35902999
1.52808989 0.35973100
1.53058677 0.36043275
1.53308365 0.36113524
1.53558052 0.36183844
1.53807740 0.36254237
1.54057428 0.36324701
1.54307116 0.36395235
1.54556804 0.36465839
1.54806492 0.36536513
1.55056180 0.36607255
1.55305868 0.36678065
1.55555556 0.36748943
1.55805243 0.36819887
1.56054931 0.36890898
1.56304619 0.36961974
1.56554307 0.37033115
1.56803995 0.37104321
1.57053683 0.37175590
1.57303371 0.37246923
1.57553059 0.37318318
1.57802747 0.37389775
1.58052434 0.37461294
1.58302122 0.37532874
1.58551810 0.37604514
1.58801498 0.37676214
1.59051186 0.37747974
1.59300874 0.37819792
1.59550562 0.37891668
1.59800250 0.37963602
1.60049938 0.38035593
1.60299625 0.38107641
1.60549313 0.38179745
1.60799001 0.38251905
1.61048689 0.38324119
1.61298377 0.38396389
1.61548065 0.38468712
1.61797753 0.38541089
1.62047441 0.38613518
1.62297129 0.38686001
1.62546816 0.38758535
1.62796504 0.38831121
1.63046192 0.38903759
1.63295880 0.38976446
1.63545568 0.39049184
1.63795256 0.39121972
1.64044944 0.39194808
1.64294632 0.39267694
1.64544320 0.39340628
1.64794007 0.39413609
1.65043695 0.39486638
1.65293383 0.39559714
1.65543071 0.39632836
1.65792759 0.39706004
1.66042447 0.39779218
1.66292135 0.39852476
1.66541823 0.39925780
1.66791511 0.39999127
1.67041199 0.40072519
1.67290886 0.40145953
1.67540574 0.40219431
1.67790262 0.40292951
1.68039950 0.40366513
1.68289638 0.40440117
1.68539326 0.40513762
1.68789014 0.40587447
1.69038702 0.40661174
1.69288390 0.40734940
1.69538077 0.40808745
1.69787765 0.40882590
1.70037453 0.40956474
1.70287141 0.41030396
1.70536829 0.41104356
1.70786517 0.41178353
1.71036205 0.41252388
1.71285893 0.41326459
1.71535581 0.41400567
1.71785268 0.41474711
1.72034956 0.41548890
1.72284644 0.41623105
1.72534332 0.41697354
1.72784020 0.41771638
1.73033708 0.41845956
1.73283396 0.41920308
1.73533084 0.41994692
1.73782772 0.42069110
1.74032459 0.42143561
1.74282147 0.42218044
1.74531835 0.42292558
1.74781523 0.42367104
1.75031211 0.42441681
1.75280899 0.42516289
1.75530587 0.42590928
1.75780275 0.42665596
1.76029963 0.42740294
1.76279650 0.42815022
1.76529338 0.42889778
1.76779026 0.42964563
1.77028714 0.43039376
1.77278402 0.43114217
1.77528090 0.43189086
1.77777778 0.43263982
1.78027466 0.43338905
1.78277154 0.43413855
1.78526841 0.43488830
1.78776529 0.43563832
1.79026217 0.43638859
1.79275905 0.43713911
1.79525593 0.43788988
1.79775281 0.43864090
1.80024969 0.43939216
1.80274657 0.44014366
1.80524345 0.44089539
1.80774032 0.44164735
1.81023720 0.44239955
1.81273408 0.44315197
1.81523096 0.44390461
1.81772784 0.44465747
1.82022472 0.44541054
1.82272160 0.44616383
1.82521848 0.44691733
1.82771536 0.44767104
1.83021223 0.44842494
1.83270911 0.44917905
1.83520599 0.44993335
1.83770287 0.45068785
1.84019975 0.45144254
1.84269663 0.45219742
1.84519351 0.45295247
1.84769039 0.45370772
1.85018727 0.45446313
1.85268414 0.45521873
1.85518102 0.45597449
1.85767790 0.45673043
1.86017478 0.45748652
1.86267166 0.45824279
1.86516854 0.45899921
1.86766542 0.45975579
1.87016230 0.46051252
1.87265918 0.46126940
1.87515605 0.46202643
1.87765293 0.46278360
1.88014981 0.46354092
1.88264669 0.46429837
1.88514357 0.46505596
1.88764045 0.46581368
1.89013733 0.46657153
1.89263421 0.46732951
1.89513109 0.46808761
1.89762797 0.46884583
1.90012484 0.46960417
1.90262172 0.47036262
1.90511860 0.47112118
1.90761548 0.47187986
1.91011236 0.47263864
1.91260924 0.47339752
1.91510612 0.47415650
1.91760300 0.47491558
1.92009988 0.47567476
1.92259675 0.47643402
1.92509363 0.47719337
1.92759051 0.47795281
1.93008739 0.47871233
1.93258427 0.47947194
1.93508115 0.48023161
1.93757803 0.48099137
1.94007491 0.48175119
1.94257179 0.48251108
1.94506866 0.48327104
1.94756554 0.48403106
1.95006242 0.48479114
1.95255930 0.48555127
1.95505618 0.48631146
1.95755306 0.48707170
1.96004994 0.48783199
1.96254682 0.48859233
1.96504370 0.48935270
1.96754057 0.49011312
1.97003745 0.49087357
1.97253433 0.49163406
1.97503121 0.49239458
1.97752809 0.49315513
1.98002497 0.49391570
1.98252185 0.49467629
1.98501873 0.49543691
1.98751561 0.49619754
1.99001248 0.49695819
1.99250936 0.49771884
1.99500624 0.49847951
1.99750312 0.49924018
