0.00000000 0.50000345
0.00498753 0.50151860
0.00997506 0.50303373
0.01496259 0.50454881
0.01995012 0.50606383
0.02493766 0.50757875
0.02992519 0.50909356
0.03491272 0.51060823
0.03990025 0.51212273
0.04488778 0.51363705
0.04987531 0.51515117
0.05486284 0.51666505
0.05985037 0.51817868
0.06483791 0.51969203
0.06982544 0.52120508
0.07481297 0.52271780
0.07980050 0.52423017
0.08478803 0.52574217
0.08977556 0.52725378
0.09476309 0.52876497
0.09975062 0.53027571
0.10473815 0.53178598
0.10972569 0.53329576
0.11471322 0.53480503
0.11970075 0.53631376
0.12468828 0.53782192
0.12967581 0.53932949
0.13466334 0.54083645
0.13965087 0.54234277
0.14463840 0.54384842
0.14962594 0.54535339
0.15461347 0.54685764
0.15960100 0.54836116
0.16458853 0.54986391
0.16957606 0.55136587
0.17456359 0.55286701
0.17955112 0.55436732
0.18453865 0.55586675
0.18952618 0.55736529
0.19451372 0.55886291
0.19950125 0.56035958
0.20448878 0.56185527
0.20947631 0.56334996
0.21446384 0.56484363
0.21945137 0.56633623
0.22443890 0.56782775
0.22942643 0.56931816
0.23441397 0.57080743
0.23940150 0.57229552
0.24438903 0.57378242
0.24937656 0.57526809
0.25436409 0.57675250
0.25935162 0.57823563
0.26433915 0.57971743
0.26932668 0.58119789
0.27431421 0.58267697
0.27930175 0.58415465
0.28428928 0.58563088
0.28927681 0.58710563
0.29426434 0.58857889
0.29925187 0.59005060
0.30423940 0.59152075
0.30922693 0.59298929
0.31421446 0.59445620
0.31920200 0.59592143
0.32418953 0.59738497
0.32917706 0.59884676
0.33416459 0.60030677
0.33915212 0.60176498
0.34413965 0.60322133
0.34912718 0.60467581
0.35411471 0.60612836
0.35910224 0.60757895
0.36408978 0.60902755
0.36907731 0.61047411
0.37406484 0.61191859
0.37905237 0.61336096
0.38403990 0.61480117
0.38902743 0.61623918
0.39401496 0.61767496
0.39900249 0.61910845
0.40399002 0.62053962
0.40897756 0.62196842
0.41396509 0.62339480
0.41895262 0.62481873
0.42394015 0.62624015
0.42892768 0.62765902
0.43391521 0.62907529
0.43890274 0.63048891
0.44389027 0.63189983
0.44887781 0.63330801
0.45386534 0.63471339
0.45885287 0.63611591
0.46384040 0.63751554
0.46882793 0.63891220
0.47381546 0.64030586
0.47880299 0.64169644
0.48379052 0.64308390
0.48877805 0.64446818
0.49376559 0.64584921
0.49875312 0.64722693
0.50374065 0.64860129
0.50872818 0.64997222
0.51371571 0.65133966
0.51870324 0.65270354
0.52369077 0.65406379
0.52867830 0.65542034
0.53366584 0.65677313
0.53865337 0.65812208
0.54364090 0.65946712
0.54862843 0.66080818
0.55361596 0.66214517
0.55860349 0.66347802
0.56359102 0.66480664
0.56857855 0.66613097
0.57356608 0.66745090
0.57855362 0.66876636
0.58354115 0.67007726
0.58852868 0.67138350
0.59351621 0.67268499
0.59850374 0.67398164
0.60349127 0.67527335
0.60847880 0.67656001
0.61346633 0.67784153
0.61845387 0.67911780
0.62344140 0.68038871
0.62842893 0.68165414
0.63341646 0.68291399
0.63840399 0.68416813
0.64339152 0.68541644
0.64837905 0.68665880
0.65336658 0.68789507
0.65835411 0.68912512
0.66334165 0.69034882
0.66832918 0.69156603
0.67331671 0.69277659
0.67830424 0.69398035
0.68329177 0.69517717
0.68827930 0.69636687
0.69326683 0.69754930
0.69825436 0.69872428
0.70324190 0.69989163
0.70822943 0.70105117
0.71321696 0.70220271
0.71820449 0.70334604
0.72319202 0.70448097
0.72817955 0.70560728
0.73316708 0.70672476
0.73815461 0.70783316
0.74314214 0.70893225
0.74812968 0.71002179
0.75311721 0.71110152
0.75810474 0.71217116
0.76309227 0.71323044
0.76807980 0.71427906
0.77306733 0.71531672
0.77805486 0.71634309
0.78304239 0.71735786
0.78802993 0.71836065
0.79301746 0.71935112
0.79800499 0.72032887
0.80299252 0.72129351
0.80798005 0.72224460
0.81296758 0.72318170
0.81795511 0.72410435
0.82294264 0.72501204
0.82793017 0.72590425
0.83291771 0.72678043
0.83790524 0.72764000
0.84289277 0.72848233
0.84788030 0.72930675
0.85286783 0.73011257
0.85785536 0.73089904
0.86284289 0.73166534
0.86783042 0.73241063
0.87281796 0.73313398
0.87780549 0.73383439
0.88279302 0.73451078
0.88778055 0.73516200
0.89276808 0.73578676
0.89775561 0.73638368
0.90274314 0.73695121
0.90773067 0.73748762
0.91271820 0.73799093
0.91770574 0.73845881
0.92269327 0.73888835
0.92768080 0.73927565
0.93266833 0.73961496
0.93765586 0.73989672
0.94264339 0.74010338
0.94763092 0.74019997
0.95261845 0.74011296
0.95760599 0.73968292
0.96259352 0.73856011
0.96758105 0.73598390
0.97256858 0.73036266
0.97755611 0.71865019
0.98254364 0.69596405
0.98753117 0.65675969
0.99251870 0.59868547
0.99750623 0.52683256
1.00249377 0.45298562
1.00748130 0.38902498
1.01246883 0.34096247
1.01745636 0.30849648
1.02244389 0.28810881
1.02743142 0.27588979
1.03241895 0.26877940
1.03740648 0.26472966
1.04239401 0.26247669
1.04738155 0.26127349
1.05236908 0.26068835
1.05735661 0.26047424
1.06234414 0.26049016
1.06733167 0.26065527
1.07231920 0.26092280
1.07730673 0.26126525
1.08229426 0.26166605
1.08728180 0.26211486
1.09226933 0.26260500
1.09725686 0.26313188
1.10224439 0.26369218
1.10723192 0.26428338
1.11221945 0.26490345
1.11720698 0.26555069
1.12219451 0.26622363
1.12718204 0.26692100
1.13216958 0.26764162
1.13715711 0.26838446
1.14214464 0.26914852
1.14713217 0.26993294
1.15211970 0.27073687
1.15710723 0.27155955
1.16209476 0.27240026
1.16708229 0.27325832
1.17206983 0.27413310
1.17705736 0.27502401
1.18204489 0.27593047
1.18703242 0.27685196
1.19201995 0.27778798
1.19700748 0.27873805
1.20199501 0.27970172
1.20698254 0.28067856
1.21197007 0.28166817
1.21695761 0.28267015
1.22194514 0.28368414
1.22693267 0.28470978
1.23192020 0.28574674
1.23690773 0.28679470
1.24189526 0.28785334
1.24688279 0.28892238
1.25187032 0.29000153
1.25685786 0.29109052
1.26184539 0.29218909
1.26683292 0.29329699
1.27182045 0.29441398
1.27680798 0.29553983
1.28179551 0.29667432
1.28678304 0.29781723
1.29177057 0.29896836
1.29675810 0.30012751
1.30174564 0.30129448
1.30673317 0.30246910
1.31172070 0.30365118
1.31670823 0.30484055
1.32169576 0.30603704
1.32668329 0.30724050
1.33167082 0.30845076
1.33665835 0.30966767
1.34164589 0.31089109
1.34663342 0.31212087
1.35162095 0.31335688
1.35660848 0.31459899
1.36159601 0.31584706
1.36658354 0.31710096
1.37157107 0.31836058
1.37655860 0.31962579
1.38154613 0.32089649
1.38653367 0.32217255
1.39152120 0.32345387
1.39650873 0.32474034
1.40149626 0.32603186
1.40648379 0.32732832
1.41147132 0.32862964
1.41645885 0.32993571
1.42144638 0.33124644
1.42643392 0.33256173
1.43142145 0.33388151
1.43640898 0.33520568
1.44139651 0.33653416
1.44638404 0.33786686
1.45137157 0.33920371
1.45635910 0.34054463
1.46134663 0.34188953
1.46633416 0.34323836
1.47132170 0.34459102
1.47630923 0.34594745
1.48129676 0.34730758
1.48628429 0.34867134
1.49127182 0.35003866
1.49625935 0.35140948
1.50124688 0.35278374
1.50623441 0.35416136
1.51122195 0.35554229
1.51620948 0.35692646
1.52119701 0.35831382
1.52618454 0.35970431
1.53117207 0.36109787
1.53615960 0.36249445
1.54114713 0.36389399
1.54613466 0.36529643
1.55112219 0.36670172
1.55610973 0.36810982
1.56109726 0.36952066
1.56608479 0.37093421
1.57107232 0.37235040
1.57605985 0.37376920
1.58104738 0.37519054
1.58603491 0.37661440
1.59102244 0.37804072
1.59600998 0.37946945
1.60099751 0.38090055
1.60598504 0.38233398
1.61097257 0.38376969
1.61596010 0.38520764
1.62094763 0.38664779
1.62593516 0.38809010
1.63092269 0.38953453
1.63591022 0.39098103
1.64089776 0.39242958
1.64588529 0.39388012
1.65087282 0.39533262
1.65586035 0.39678704
1.66084788 0.39824335
1.66583541 0.39970150
1.67082294 0.40116147
1.67581047 0.40262322
1.68079800 0.40408670
1.68578554 0.40555190
1.69077307 0.40701876
1.69576060 0.40848726
1.70074813 0.40995737
1.70573566 0.41142905
1.71072319 0.41290226
1.71571072 0.41437698
1.72069825 0.41585317
1.72568579 0.41733081
1.73067332 0.41880985
1.73566085 0.42029028
1.74064838 0.42177205
1.74563591 0.42325515
1.75062344 0.42473953
1.75561097 0.42622516
1.76059850 0.42771203
1.76558603 0.42920010
1.77057357 0.43068934
1.77556110 0.43217972
1.78054863 0.43367121
1.78553616 0.43516379
1.79052369 0.43665743
1.79551122 0.43815210
1.80049875 0.43964777
1.80548628 0.44114442
1.81047382 0.44264201
1.81546135 0.44414053
1.82044888 0.44563994
1.82543641 0.44714022
1.83042394 0.44864135
1.83541147 0.45014329
1.84039900 0.45164602
1.84538653 0.45314952
1.85037406 0.45465376
1.85536160 0.45615871
1.86034913 0.45766435
1.86533666 0.45917065
1.87032419 0.46067759
1.87531172 0.46218515
1.88029925 0.46369330
1.88528678 0.46520201
1.89027431 0.46671127
1.89526185 0.46822104
1.90024938 0.46973130
1.90523691 0.47124203
1.91022444 0.47275321
1.91521197 0.47426480
1.92019950 0.47577680
1.92518703 0.47728916
1.93017456 0.47880188
1.93516209 0.48031492
1.94014963 0.48182826
1.94513716 0.48334188
1.95012469 0.48485576
1.95511222 0.48636987
1.96009975 0.48788419
1.96508728 0.48939869
1.97007481 0.49091335
1.97506234 0.49242816
1.98004988 0.49394308
1.98503741 0.49545809
1.99002494 0.49697317
1.99501247 0.49848830
