0.00000000 0.50001404
0.00995025 0.50301950
0.01990050 0.50602478
0.02985075 0.50902968
0.03980100 0.51203401
0.04975124 0.51503757
0.05970149 0.51804016
0.06965174 0.52104160
0.07960199 0.52404169
0.08955224 0.52704023
0.09950249 0.53003703
0.10945274 0.53303188
0.11940299 0.53602457
0.12935323 0.53901492
0.13930348 0.54200271
0.14925373 0.54498774
0.15920398 0.54796979
0.16915423 0.55094865
0.17910448 0.55392411
0.18905473 0.55689595
0.19900498 0.55986394
0.20895522 0.56282786
0.21890547 0.56578749
0.22885572 0.56874258
0.23880597 0.57169290
0.24875622 0.57463821
0.25870647 0.57757826
0.26865672 0.58051280
0.27860697 0.58344156
0.28855721 0.58636429
0.29850746 0.58928072
0.30845771 0.59219057
0.31840796 0.59509355
0.32835821 0.59798938
0.33830846 0.60087775
0.34825871 0.60375835
0.35820896 0.60663088
0.36815920 0.60949501
0.37810945 0.61235039
0.38805970 0.61519669
0.39800995 0.61803355
0.40796020 0.62086059
0.41791045 0.62367743
0.42786070 0.62648369
0.43781095 0.62927895
0.44776119 0.63206277
0.45771144 0.63483474
0.46766169 0.63759437
0.47761194 0.64034120
0.48756219 0.64307473
0.49751244 0.64579445
0.50746269 0.64849980
0.51741294 0.65119022
0.52736318 0.65386513
0.53731343 0.65652390
0.54726368 0.65916589
0.55721393 0.66179040
0.56716418 0.66439673
0.57711443 0.66698412
0.58706468 0.66955178
0.59701493 0.67209885
0.60696517 0.67462446
0.61691542 0.67712766
0.62686567 0.67960746
0.63681592 0.68206278
0.64676617 0.68449251
0.65671642 0.68689542
0.66666667 0.68927024
0.67661692 0.69161558
0.68656716 0.69392996
0.69651741 0.69621176
0.70646766 0.69845927
0.71641791 0.70067062
0.72636816 0.70284376
0.73631841 0.70497647
0.74626866 0.70706633
0.75621891 0.70911066
0.76616915 0.71110650
0.77611940 0.71305058
0.78606965 0.71493920
0.79601990 0.71676822
0.80597015 0.71853292
0.81592040 0.72022785
0.82587065 0.72184662
0.83582090 0.72338162
0.84577114 0.72482343
0.85572139 0.72616005
0.86567164 0.72737526
0.87562189 0.72844572
0.88557214 0.72933518
0.89552239 0.72998265
0.90547264 0.73027795
0.91542289 0.73001045
0.92537313 0.72876331
0.93532338 0.72570532
0.94527363 0.71922749
0.95522388 0.70647265
0.96517413 0.68319567
0.97512438 0.64497852
0.98507463 0.59041485
0.99502488 0.52423650
1.00497512 0.45643665
1.01492537 0.39704674
1.02487562 0.35142445
1.03482587 0.31971639
1.04477612 0.29918391
1.05472637 0.28652236
1.06467662 0.27900522
1.07462687 0.27472449
1.08457711 0.27245308
1.09452736 0.27143546
1.10447761 0.27121571
1.11442786 0.27152004
1.12437811 0.27218312
1.13432836 0.27310362
1.14427861 0.27421804
1.15422886 0.27548539
1.16417910 0.27687829
1.17412935 0.27837763
1.18407960 0.27996961
1.19402985 0.28164375
1.20398010 0.28339188
1.21393035 0.28520737
1.22388060 0.28708469
1.23383085 0.28901916
1.24378109 0.29100673
1.25373134 0.29304384
1.26368159 0.29512734
1.27363184 0.29725441
1.28358209 0.29942249
1.29353234 0.30162927
1.30348259 0.30387266
1.31343284 0.30615072
1.32338308 0.30846167
1.33333333 0.31080387
1.34328358 0.31317580
1.35323383 0.31557606
1.36318408 0.31800332
1.37313433 0.32045637
1.38308458 0.32293404
1.39303483 0.32543527
1.40298507 0.32795904
1.41293532 0.33050440
1.42288557 0.33307044
1.43283582 0.33565632
1.44278607 0.33826123
1.45273632 0.34088442
1.46268657 0.34352515
1.47263682 0.34618274
1.48258706 0.34885653
1.49253731 0.35154591
1.50248756 0.35425026
1.51243781 0.35696903
1.52238806 0.35970167
1.53233831 0.36244766
1.54228856 0.36520650
1.55223881 0.36797770
1.56218905 0.37076081
1.57213930 0.37355538
1.58208955 0.37636098
1.59203980 0.37917721
1.60199005 0.38200367
1.61194030 0.38483996
1.62189055 0.38768573
1.63184080 0.39054061
1.64179104 0.39340425
1.65174129 0.39627632
1.66169154 0.39915649
1.67164179 0.40204445
1.68159204 0.40493988
1.69154229 0.40784248
1.70149254 0.41075197
1.71144279 0.41366806
1.72139303 0.41659047
1.73134328 0.41951893
1.74129353 0.42245318
1.75124378 0.42539295
1.76119403 0.42833800
1.77114428 0.43128807
1.78109453 0.43424293
1.79104478 0.43720233
1.80099502 0.44016605
1.81094527 0.44313385
1.82089552 0.44610550
1.83084577 0.44908079
1.84079602 0.45205949
1.85074627 0.45504139
1.86069652 0.45802628
1.87064677 0.46101394
1.88059701 0.46400417
1.89054726 0.46699676
1.90049751 0.46999151
1.91044776 0.47298821
1.92039801 0.47598668
1.93034826 0.47898670
1.94029851 0.48198808
1.95024876 0.48499062
1.96019900 0.48799414
1.97014925 0.49099843
1.98009950 0.49400331
1.99004975 0.49700858
